-----------------------------------
0.521949 0.742876 0.046459 0.188382
0.297805 0.611110 0.043446 0.205098
-----------------------------------
0.522243 0.742052 0.048437 0.203958
0.296802 0.610714 0.042562 0.202971
-----------------------------------
0.525261 0.737849 0.046187 0.204966
0.298022 0.610426 0.041905 0.211531
-----------------------------------
0.524910 0.727095 0.045503 0.218553
0.298261 0.608773 0.041898 0.211369
-----------------------------------
0.524927 0.722095 0.045371 0.220009
0.298000 0.590078 0.044836 0.165440
-----------------------------------
0.525667 0.722795 0.045362 0.207528
0.299760 0.586956 0.045100 0.171040
-----------------------------------
0.526452 0.719477 0.045555 0.200270
0.299688 0.581209 0.044455 0.174866
-----------------------------------
0.527983 0.715618 0.043665 0.204659
0.299570 0.571733 0.044687 0.173341
-----------------------------------
0.301124 0.566492 0.045160 0.181431
0.529103 0.711630 0.041850 0.179545
-----------------------------------
0.526733 0.695371 0.044029 0.201360
0.301541 0.560835 0.041241 0.170574
-----------------------------------
0.529788 0.687363 0.044204 0.201451
0.300083 0.556845 0.041536 0.154959
-----------------------------------
0.532125 0.672389 0.043060 0.198871
0.299753 0.539639 0.040462 0.154265
-----------------------------------
0.531857 0.666624 0.043817 0.201087
0.299847 0.536250 0.041221 0.155998
-----------------------------------
0.532060 0.662676 0.040184 0.194771
0.300956 0.535489 0.039873 0.156735
-----------------------------------
0.531962 0.659657 0.039949 0.183774
0.301071 0.536109 0.039968 0.156850
-----------------------------------
0.532090 0.657947 0.042857 0.186528
0.300569 0.535702 0.040526 0.161725
-----------------------------------
0.530529 0.642914 0.041040 0.191869
0.300299 0.535690 0.041941 0.162105
-----------------------------------
0.530550 0.642701 0.043388 0.201334
0.301067 0.528604 0.042617 0.171274
-----------------------------------
0.300367 0.523265 0.042779 0.170699
0.529300 0.640672 0.045439 0.198981
-----------------------------------
0.302561 0.514376 0.040901 0.167298
0.530241 0.640336 0.045975 0.211431
-----------------------------------
0.530409 0.632435 0.046934 0.215803
0.302738 0.511232 0.039475 0.165551
-----------------------------------
0.531523 0.616263 0.046051 0.217364
0.302643 0.508414 0.039034 0.164587
-----------------------------------
0.531585 0.608356 0.042507 0.197596
0.303246 0.505308 0.039718 0.153577
-----------------------------------
0.530234 0.591275 0.041586 0.173561
0.303174 0.486918 0.038892 0.145339
-----------------------------------
0.530645 0.587448 0.039394 0.160305
0.303432 0.486922 0.037719 0.150350
-----------------------------------
0.532931 0.580493 0.040537 0.179225
0.303216 0.483678 0.039395 0.143578
-----------------------------------
0.533230 0.574242 0.041817 0.178133
0.303259 0.482673 0.038581 0.142143
-----------------------------------
0.533784 0.568887 0.043525 0.180451
-----------------------------------
0.533850 0.564691 0.040814 0.184111
-----------------------------------
0.534097 0.565534 0.039960 0.176409
-----------------------------------
0.534764 0.561791 0.036220 0.170246
0.304030 0.472929 0.041175 0.151673
-----------------------------------
0.534330 0.561967 0.036432 0.173416
0.302059 0.473304 0.044435 0.157140
-----------------------------------
0.534120 0.562420 0.036989 0.190942
0.303658 0.462986 0.042408 0.164319
-----------------------------------
0.534154 0.559351 0.037682 0.169240
0.303573 0.459380 0.040721 0.171569
-----------------------------------
0.534122 0.541372 0.040039 0.186693
-----------------------------------
0.542373 0.535391 0.036057 0.156572
-----------------------------------
0.543545 0.531151 0.035876 0.152870
0.305211 0.434776 0.039587 0.144381
-----------------------------------
0.541613 0.523622 0.037422 0.154200
0.310380 0.436254 0.037474 0.138778
-----------------------------------
0.541505 0.514788 0.036405 0.167315
0.309774 0.433821 0.037832 0.141000
-----------------------------------
0.541282 0.513377 0.037154 0.163201
0.309817 0.433142 0.037223 0.143704
-----------------------------------
0.541612 0.511519 0.037502 0.159373
0.310120 0.429467 0.036134 0.136162
-----------------------------------
0.542402 0.508648 0.037574 0.159927
0.310541 0.427660 0.036039 0.136541
-----------------------------------
0.542421 0.508690 0.038121 0.168544
0.310592 0.425673 0.037747 0.148513
-----------------------------------
0.542115 0.509878 0.040657 0.163592
0.310554 0.424528 0.038925 0.160176
0.862312 0.968260 0.024788 0.034791
-----------------------------------
0.311611 0.414635 0.038707 0.161004
0.543207 0.509587 0.039692 0.171391
-----------------------------------
0.310639 0.412401 0.037424 0.164652
0.543254 0.507779 0.036780 0.168059
-----------------------------------
0.310990 0.407898 0.035728 0.158383
0.543468 0.507026 0.038105 0.168719
-----------------------------------
0.542310 0.489363 0.037945 0.158693
0.311794 0.387664 0.037877 0.128992
0.972778 0.884872 0.038336 0.100020
-----------------------------------
0.543476 0.485895 0.037827 0.168181
0.313395 0.386585 0.038458 0.129322
0.972256 0.882888 0.038697 0.108730
-----------------------------------
0.543203 0.480896 0.039780 0.181560
0.313495 0.385435 0.038948 0.137746
0.852691 0.928902 0.068998 0.070713
0.970640 0.885168 0.040736 0.116947
-----------------------------------
0.543828 0.466509 0.040126 0.171527
0.312794 0.382956 0.039326 0.134965
0.852135 0.926266 0.067555 0.072763
-----------------------------------
0.543310 0.455036 0.036128 0.154494
0.313011 0.383064 0.038234 0.136627
0.850167 0.927320 0.074630 0.072823
-----------------------------------
0.313250 0.382356 0.037771 0.136206
0.545696 0.453461 0.036218 0.142976
0.842470 0.920634 0.066306 0.071729
0.967743 0.882521 0.038388 0.111768
-----------------------------------
0.313252 0.382635 0.038007 0.136375
0.547124 0.454521 0.035695 0.138967
0.842341 0.919664 0.069382 0.073814
0.967490 0.884996 0.039229 0.110513
-----------------------------------
0.547303 0.438788 0.036478 0.150163
0.313734 0.382038 0.037379 0.142162
0.843341 0.919417 0.070922 0.072478
0.967560 0.882781 0.038586 0.112050
-----------------------------------
0.546826 0.436507 0.037085 0.153186
0.314788 0.380158 0.037589 0.143044
0.850366 0.919451 0.065677 0.072880
-----------------------------------
0.315529 0.377858 0.039742 0.156289
0.547982 0.434933 0.035424 0.150653
0.966611 0.876083 0.038239 0.116327
-----------------------------------
0.314560 0.372188 0.039870 0.159077
0.547906 0.431814 0.032876 0.137089
0.855172 0.898684 0.055943 0.092296
-----------------------------------
0.315260 0.364314 0.035330 0.154485
0.549466 0.431512 0.032248 0.133104
0.839610 0.892129 0.067549 0.100479
-----------------------------------
0.314753 0.359655 0.033911 0.151426
0.547752 0.430995 0.032999 0.135388
0.841584 0.889972 0.075628 0.104598
-----------------------------------
0.315663 0.353595 0.032319 0.146202
0.550781 0.426439 0.031873 0.132187
0.842441 0.886312 0.076284 0.110775
-----------------------------------
0.550306 0.422374 0.031567 0.133947
0.315860 0.352383 0.033179 0.143088
0.839953 0.880730 0.053616 0.170882
-----------------------------------
0.551755 0.417124 0.031255 0.141140
0.317479 0.340239 0.035167 0.115601
0.966215 0.868646 0.039724 0.110828
0.839882 0.872420 0.050625 0.179768
-----------------------------------
0.554176 0.414947 0.030795 0.142563
0.318681 0.338770 0.035398 0.122064
0.839231 0.870246 0.051117 0.180357
0.970045 0.840935 0.036582 0.130191
-----------------------------------
0.554542 0.411847 0.029798 0.139959
0.319662 0.337728 0.035941 0.125417
0.834412 0.866161 0.111335 0.276874
0.968272 0.840093 0.038218 0.133779
0.835630 0.869057 0.053660 0.178998
-----------------------------------
0.319515 0.336305 0.035681 0.121713
0.556118 0.406842 0.027665 0.138612
0.966694 0.840153 0.038071 0.129219
0.835312 0.866286 0.113188 0.277835
0.838758 0.869606 0.069133 0.119981
-----------------------------------
0.320871 0.335259 0.036299 0.119339
0.553475 0.389117 0.034206 0.131745
0.835995 0.863784 0.105167 0.296885
0.964334 0.838217 0.039115 0.117359
0.834924 0.868073 0.066664 0.125654
-----------------------------------
0.321231 0.335196 0.035160 0.122508
0.552960 0.387122 0.032638 0.134790
0.963807 0.833506 0.038781 0.117763
0.838488 0.852776 0.066183 0.138924
-----------------------------------
0.554481 0.386137 0.032593 0.140816
0.320654 0.331946 0.033998 0.123506
0.834427 0.852004 0.069770 0.148112
0.963624 0.829667 0.039041 0.119759
0.834552 0.863537 0.099134 0.301804
-----------------------------------
0.323689 0.329032 0.037622 0.125302
0.554582 0.383434 0.034031 0.139799
0.833604 0.851350 0.068545 0.150589
0.963158 0.827424 0.039019 0.132658
-----------------------------------
0.555188 0.382275 0.035120 0.132434
0.325823 0.328685 0.038746 0.133361
0.830925 0.850230 0.050909 0.208027
0.831194 0.852166 0.106729 0.297742
0.963088 0.824300 0.038875 0.131167
-----------------------------------
0.556568 0.382009 0.036187 0.136780
0.326595 0.318735 0.037213 0.131802
0.830456 0.851474 0.107879 0.309938
0.830724 0.849524 0.051661 0.219561
0.959558 0.821149 0.051151 0.187782
-----------------------------------
0.554273 0.381043 0.037031 0.130418
0.829971 0.846840 0.105335 0.315979
0.330853 0.318537 0.035878 0.134329
0.825934 0.843320 0.048727 0.220597
0.959227 0.817263 0.050691 0.199271
-----------------------------------
0.554706 0.373346 0.035507 0.133115
0.828380 0.841802 0.104873 0.332492
0.823830 0.836202 0.047555 0.228118
0.332820 0.318322 0.035716 0.131663
0.958530 0.818353 0.052282 0.195503
-----------------------------------
0.554198 0.365467 0.036370 0.130023
0.820749 0.831477 0.048009 0.239254
0.825104 0.831239 0.109466 0.327865
0.331594 0.319121 0.036285 0.129320
0.958176 0.816920 0.053748 0.195106
-----------------------------------
0.818289 0.827616 0.048773 0.250400
0.826199 0.824645 0.109322 0.341180
0.553226 0.358462 0.036116 0.134591
0.332750 0.313456 0.037822 0.132542
0.957593 0.815189 0.053216 0.191407
0.311663 0.947302 0.022949 0.062346
-----------------------------------
0.818654 0.825078 0.046170 0.273870
0.825754 0.822352 0.109402 0.344418
0.552987 0.352437 0.035947 0.133752
0.333792 0.312442 0.038573 0.138498
0.957760 0.815001 0.054963 0.189286
-----------------------------------
0.819750 0.824547 0.048540 0.283352
0.824212 0.819270 0.115387 0.349297
0.334285 0.313197 0.039382 0.136024
0.322059 0.932291 0.059660 0.068352
0.555476 0.349965 0.034822 0.138824
-----------------------------------
0.820880 0.814032 0.114706 0.362062
0.816460 0.820521 0.046733 0.284064
0.335736 0.313226 0.039110 0.151153
0.326652 0.927126 0.075027 0.072290
0.553578 0.338463 0.034000 0.113176
-----------------------------------
0.818733 0.810752 0.120964 0.356138
0.815814 0.818459 0.049928 0.276494
0.335623 0.310796 0.041005 0.147087
0.554929 0.338468 0.033406 0.125972
0.330124 0.923829 0.080200 0.072292
0.959033 0.795089 0.052939 0.198866
-----------------------------------
0.816035 0.806470 0.116372 0.353381
0.336012 0.309570 0.039806 0.163600
0.554764 0.336848 0.034407 0.123191
0.815107 0.815798 0.047209 0.268742
0.332040 0.918133 0.074960 0.069541
0.958629 0.792843 0.053577 0.192044
-----------------------------------
0.810015 0.804652 0.123139 0.354937
0.554150 0.336950 0.034669 0.129732
0.337593 0.307623 0.037704 0.155667
0.813084 0.814934 0.049588 0.275317
0.334340 0.918456 0.073315 0.068454
0.958633 0.787512 0.054010 0.194607
-----------------------------------
0.811520 0.802534 0.120485 0.364745
0.554614 0.336206 0.035281 0.126086
0.340429 0.309742 0.035613 0.147940
0.957633 0.781273 0.056772 0.173125
0.335193 0.917206 0.079975 0.070171
0.813411 0.813095 0.048922 0.278541
-----------------------------------
0.812330 0.801519 0.124781 0.368587
0.555701 0.336172 0.032132 0.128292
0.814933 0.796847 0.054753 0.239234
0.335650 0.906454 0.074061 0.083510
0.955971 0.775049 0.054229 0.164838
0.339593 0.300552 0.031866 0.144541
-----------------------------------
0.812451 0.801503 0.118758 0.372877
0.555942 0.334477 0.032933 0.130251
0.814698 0.795630 0.052670 0.238924
0.954730 0.768447 0.054689 0.165471
0.334277 0.904606 0.071498 0.095825
0.337007 0.288017 0.038914 0.130741
-----------------------------------
0.812599 0.800869 0.123318 0.374744
0.557001 0.334124 0.037100 0.126525
0.814727 0.796159 0.054875 0.250322
0.336048 0.286593 0.040968 0.126307
0.334486 0.902056 0.073766 0.102002
0.954975 0.764770 0.054385 0.171728
-----------------------------------
0.813909 0.795277 0.051668 0.270492
0.559327 0.328521 0.037352 0.128736
0.814211 0.798560 0.125543 0.388476
0.339653 0.285273 0.041137 0.131316
0.336884 0.893842 0.072648 0.118082
0.953711 0.762972 0.053123 0.179441
-----------------------------------
0.814241 0.790129 0.052606 0.282304
0.814235 0.787228 0.127964 0.404273
0.561318 0.323303 0.035862 0.121602
0.340270 0.278982 0.038379 0.135104
0.340457 0.877528 0.049491 0.190249
0.951819 0.760660 0.051648 0.169938
0.340138 0.878174 0.116424 0.244641
-----------------------------------
0.562143 0.317746 0.033409 0.136168
0.813405 0.781902 0.050578 0.288056
0.341565 0.274621 0.038831 0.139405
0.813883 0.774999 0.124670 0.435165
0.343961 0.876433 0.121704 0.255796
0.340083 0.875049 0.050657 0.200632
0.953156 0.746937 0.048438 0.172847
-----------------------------------
0.562877 0.310411 0.033260 0.138053
0.341603 0.273786 0.037277 0.139843
0.814539 0.771592 0.049946 0.294450
0.818354 0.766745 0.120182 0.455807
0.344428 0.871640 0.119106 0.274821
0.340020 0.871761 0.048281 0.227129
0.953010 0.746055 0.047832 0.180344
-----------------------------------
0.815848 0.764376 0.120054 0.462514
0.813465 0.770107 0.049578 0.303906
0.565372 0.307697 0.031698 0.132354
0.341620 0.274623 0.037000 0.137021
0.343358 0.869301 0.118264 0.276487
0.340310 0.869717 0.050197 0.229061
0.949895 0.743859 0.049660 0.181577
-----------------------------------
0.816793 0.764011 0.121730 0.459465
0.566153 0.302958 0.031532 0.127731
0.340831 0.869367 0.117200 0.284526
0.949504 0.741084 0.054410 0.193215
0.813886 0.769121 0.052419 0.308410
0.340332 0.869355 0.051122 0.229216
0.342233 0.273411 0.036140 0.140087
-----------------------------------
0.949555 0.735688 0.054000 0.201011
0.816888 0.762376 0.123746 0.462088
0.567429 0.302189 0.031784 0.141090
0.814144 0.764877 0.053690 0.318943
0.342434 0.871233 0.115943 0.272344
0.340651 0.873869 0.047024 0.215368
0.343239 0.274779 0.033112 0.137595
-----------------------------------
0.946547 0.722410 0.055368 0.192955
0.819669 0.761887 0.125343 0.459083
0.816309 0.752059 0.055783 0.266071
0.567402 0.300670 0.031354 0.143506
0.343365 0.271160 0.034003 0.145491
0.345208 0.867134 0.116446 0.286799
-----------------------------------
0.946904 0.717546 0.053087 0.172881
0.817034 0.762441 0.117982 0.479696
0.567779 0.300352 0.032315 0.138263
0.816000 0.763690 0.056612 0.316806
0.343796 0.270548 0.033532 0.145624
0.351279 0.851087 0.118096 0.282265
0.351019 0.849950 0.051114 0.201947
-----------------------------------
0.945132 0.710735 0.052291 0.187874
0.816646 0.750992 0.053652 0.284458
0.355612 0.850905 0.126333 0.273575
0.568414 0.300744 0.035406 0.153798
0.817307 0.761648 0.116325 0.471075
0.352412 0.849912 0.052957 0.214818
0.342764 0.267388 0.032672 0.137802
-----------------------------------
0.817048 0.745706 0.050457 0.280231
0.818986 0.743812 0.116064 0.427124
0.364568 0.847710 0.116380 0.278764
0.355817 0.844632 0.050950 0.228160
0.944935 0.696314 0.047567 0.174764
0.569351 0.299909 0.034341 0.156400
0.348669 0.260102 0.034065 0.125307
-----------------------------------
0.813285 0.740017 0.120200 0.428273
0.814158 0.741642 0.050462 0.286101
0.362015 0.840646 0.051461 0.232954
0.370074 0.843876 0.114908 0.283895
0.944427 0.693470 0.047203 0.179560
0.563884 0.288016 0.036751 0.103900
-----------------------------------
0.363825 0.826914 0.045401 0.244974
0.815627 0.731267 0.047894 0.304298
0.814235 0.730322 0.118770 0.414829
0.370083 0.821715 0.112907 0.305691
0.565488 0.288522 0.037457 0.106423
0.941201 0.693038 0.048633 0.178915
-----------------------------------
0.369313 0.824221 0.045570 0.248436
0.374124 0.818265 0.109768 0.317698
0.812419 0.717807 0.115902 0.417883
0.813333 0.718001 0.045188 0.317948
0.566067 0.286725 0.037168 0.114402
0.941928 0.693035 0.048918 0.189952
-----------------------------------
0.366527 0.818163 0.046374 0.257975
0.371252 0.808195 0.108068 0.337981
0.814705 0.711304 0.111989 0.431061
0.567078 0.283824 0.035733 0.112044
0.816446 0.710997 0.045792 0.308934
0.937267 0.692428 0.051814 0.193922
0.349994 0.235611 0.037951 0.105843
-----------------------------------
0.817391 0.703268 0.114844 0.419254
0.370069 0.803000 0.103384 0.341406
0.366965 0.815941 0.042302 0.249973
0.816844 0.699036 0.048372 0.271491
0.568980 0.282708 0.033227 0.123051
0.937109 0.687563 0.052087 0.196825
0.350142 0.236097 0.037395 0.108120
-----------------------------------
0.568825 0.279418 0.034965 0.123216
0.815282 0.697438 0.119212 0.411040
0.816339 0.696990 0.046597 0.275513
0.370090 0.815416 0.044539 0.273592
0.370552 0.802948 0.105446 0.344943
0.934856 0.688252 0.053758 0.186639
0.938668 0.697293 0.111254 0.379749
0.350846 0.235877 0.038413 0.108236
-----------------------------------
0.571635 0.263002 0.031581 0.118029
0.372690 0.799559 0.047451 0.235955
0.814793 0.690773 0.042954 0.273490
0.372860 0.800176 0.106820 0.347330
0.819103 0.687425 0.111205 0.412615
0.934412 0.685049 0.053681 0.190129
0.350296 0.235207 0.037378 0.109676
0.937864 0.692781 0.111456 0.393484
-----------------------------------
0.573028 0.259365 0.029989 0.119089
0.372365 0.799892 0.108660 0.353052
0.372300 0.799115 0.048381 0.254157
0.819479 0.681515 0.111185 0.428605
0.814964 0.687856 0.043151 0.274781
0.932307 0.681168 0.054946 0.188159
0.350470 0.234971 0.038395 0.109742
0.939128 0.688971 0.111437 0.390523
-----------------------------------
0.373956 0.799127 0.107651 0.347743
0.373583 0.799547 0.047942 0.251970
0.572789 0.258156 0.032529 0.118331
0.812444 0.682008 0.060822 0.200637
0.820582 0.678558 0.106794 0.428961
0.931494 0.674776 0.053972 0.182981
0.350871 0.233765 0.038398 0.115040
-----------------------------------
0.369325 0.799282 0.109957 0.360224
0.369688 0.798958 0.045045 0.237081
0.573224 0.254318 0.033498 0.123305
0.816826 0.678795 0.110587 0.422850
0.813218 0.681193 0.057933 0.184112
0.351995 0.233427 0.038585 0.118565
0.929756 0.666110 0.054791 0.183185
-----------------------------------
0.371888 0.795057 0.044130 0.242034
0.370769 0.794494 0.108506 0.354884
0.572696 0.253816 0.034238 0.123362
0.351486 0.227495 0.039086 0.124259
0.816569 0.675753 0.113227 0.419928
0.817431 0.678135 0.046166 0.257914
0.929337 0.661467 0.053821 0.180289
-----------------------------------
0.373190 0.791811 0.043173 0.253591
0.370699 0.787704 0.107701 0.367787
0.350541 0.225223 0.035154 0.127495
0.814150 0.669040 0.110327 0.445919
0.572202 0.255290 0.035613 0.122412
0.814957 0.671700 0.047239 0.270157
-----------------------------------
0.374462 0.780548 0.042673 0.271842
0.350567 0.218408 0.033878 0.129387
0.371451 0.776353 0.107187 0.383912
0.572775 0.252591 0.035170 0.120489
0.813612 0.663742 0.110651 0.448557
0.929137 0.640384 0.051183 0.183930
-----------------------------------
0.374540 0.766168 0.044279 0.314175
0.350324 0.211597 0.032049 0.130996
0.371151 0.765554 0.109896 0.389249
0.580064 0.254568 0.029861 0.128083
0.928954 0.638048 0.053438 0.183992
-----------------------------------
0.349682 0.207192 0.031938 0.124404
0.374416 0.751253 0.103902 0.385626
0.376081 0.750782 0.047941 0.261345
0.928169 0.632925 0.055136 0.189723
0.813724 0.637788 0.058161 0.196800
0.581419 0.251901 0.032821 0.127167
0.812362 0.641715 0.116585 0.370803
-----------------------------------
0.349792 0.205501 0.033000 0.121402
0.376927 0.750166 0.043299 0.270913
0.374899 0.748258 0.102462 0.384059
0.813496 0.636386 0.055627 0.209271
0.580583 0.250953 0.031639 0.128773
0.926251 0.630161 0.055370 0.187620
-----------------------------------
0.350396 0.204704 0.033069 0.125360
0.377948 0.748069 0.041492 0.284005
0.375776 0.746280 0.101909 0.374481
0.812618 0.631278 0.053472 0.196082
0.918175 0.625520 0.053755 0.165222
0.581901 0.232807 0.030322 0.109046
-----------------------------------
0.350392 0.206506 0.032377 0.123749
0.378502 0.743674 0.041450 0.273236
0.811854 0.626395 0.054069 0.197354
0.375344 0.741070 0.102446 0.376207
0.918794 0.618899 0.055140 0.163786
0.582260 0.234048 0.031537 0.105175
-----------------------------------
0.379612 0.739321 0.041126 0.281484
0.350608 0.208309 0.031991 0.123560
0.583045 0.232271 0.033600 0.116818
0.917493 0.618999 0.054987 0.155864
0.814176 0.625568 0.056277 0.187844
0.375628 0.733608 0.104027 0.364426
0.806813 0.622022 0.107498 0.390764
-----------------------------------
0.584522 0.232315 0.034952 0.114761
0.350409 0.208817 0.031829 0.124879
0.379045 0.733499 0.058243 0.189365
0.917616 0.617262 0.055162 0.162877
0.806008 0.617764 0.107612 0.400915
0.813444 0.623520 0.053012 0.192358
-----------------------------------
0.584637 0.232777 0.035669 0.120724
0.350065 0.208075 0.030989 0.125928
0.379399 0.727406 0.054938 0.188996
0.811584 0.620095 0.055981 0.206332
0.915094 0.611480 0.054439 0.181202
-----------------------------------
0.583505 0.229944 0.034473 0.123228
0.350382 0.209232 0.032138 0.121470
0.812446 0.618785 0.052755 0.192755
0.381555 0.722410 0.052647 0.211292
0.912384 0.609343 0.054093 0.173218
-----------------------------------
0.583779 0.229755 0.036849 0.125613
0.350324 0.209029 0.032713 0.124100
0.912401 0.591967 0.050989 0.181865
0.392383 0.710604 0.102496 0.403739
-----------------------------------
0.583985 0.229877 0.037112 0.122492
0.913690 0.589704 0.049607 0.182428
0.351287 0.206354 0.032235 0.117888
0.810811 0.590130 0.054748 0.171244
0.387875 0.692857 0.053156 0.133859
-----------------------------------
0.912919 0.585898 0.047907 0.175986
0.584739 0.226619 0.039224 0.123307
0.351775 0.203831 0.031651 0.116132
0.387132 0.688064 0.054875 0.162341
0.811574 0.590479 0.052109 0.187807
-----------------------------------
0.913690 0.580856 0.048623 0.175762
0.387005 0.678107 0.064041 0.205514
0.584781 0.223612 0.040270 0.118586
0.354860 0.205394 0.031407 0.112179
0.810317 0.588079 0.048512 0.175321
-----------------------------------
0.912119 0.573233 0.049039 0.171913
0.389568 0.673772 0.037463 0.284254
0.584123 0.223520 0.039491 0.121619
0.357968 0.181877 0.032681 0.120176
0.811158 0.586304 0.046604 0.186505
-----------------------------------
0.911513 0.570388 0.050730 0.181939
0.584519 0.226305 0.040924 0.123563
0.388519 0.668046 0.065765 0.211539
0.357571 0.182373 0.033180 0.119091
0.803771 0.577103 0.048224 0.165694
-----------------------------------
0.910103 0.568837 0.051045 0.188657
0.388651 0.666970 0.060767 0.206475
0.584513 0.222937 0.037957 0.126884
0.357562 0.181405 0.032308 0.119485
0.804218 0.569247 0.047898 0.167928
-----------------------------------
0.907735 0.565183 0.053340 0.199554
0.358228 0.181139 0.032739 0.117219
0.391614 0.665234 0.067571 0.200261
0.585449 0.215359 0.037641 0.125988
0.805114 0.561949 0.051416 0.161737
-----------------------------------
0.359983 0.181719 0.032955 0.122158
0.587542 0.208753 0.035308 0.127222
0.906164 0.564361 0.051907 0.200734
0.392506 0.660893 0.042422 0.305494
-----------------------------------
0.358621 0.182477 0.032588 0.125511
0.906157 0.562025 0.051738 0.203224
0.590392 0.204999 0.034369 0.121368
0.398341 0.648125 0.042755 0.253364
0.804893 0.539456 0.050193 0.174854
-----------------------------------
0.396214 0.643818 0.041769 0.255997
0.359068 0.181630 0.032440 0.126375
0.905618 0.560108 0.050215 0.199155
0.589314 0.202456 0.033659 0.122038
0.804638 0.539326 0.047459 0.181430
0.395327 0.640454 0.098402 0.412184
-----------------------------------
0.393973 0.630205 0.062340 0.184872
0.358313 0.179688 0.030916 0.127129
0.904551 0.558586 0.048233 0.201093
0.803698 0.539562 0.051187 0.182858
0.588305 0.199483 0.035405 0.113652
0.689113 0.942019 0.060560 0.060686
-----------------------------------
0.396196 0.613832 0.062638 0.181184
0.359637 0.178366 0.032058 0.127318
0.803253 0.538730 0.048305 0.186513
0.688605 0.930970 0.060041 0.063802
0.905484 0.557164 0.045864 0.186804
0.586606 0.184652 0.036301 0.107099
-----------------------------------
0.357309 0.174671 0.034231 0.128880
0.803723 0.536751 0.050806 0.207152
0.911436 0.541082 0.046199 0.185401
0.395425 0.609863 0.061444 0.164514
0.587698 0.185307 0.036846 0.107204
0.688529 0.925043 0.061171 0.068582
0.799606 0.534271 0.103482 0.406379
-----------------------------------
0.357371 0.176416 0.033362 0.131548
0.910175 0.532362 0.047618 0.182555
0.803452 0.535833 0.052730 0.202527
0.687894 0.921258 0.063066 0.068600
0.587563 0.183541 0.036662 0.106966
0.400768 0.603732 0.100959 0.373543
0.396436 0.591236 0.060971 0.151080
0.797596 0.535052 0.107380 0.401319
-----------------------------------
0.909634 0.521957 0.050668 0.177976
0.803876 0.532107 0.051993 0.189661
0.357930 0.170302 0.031013 0.131021
0.399056 0.588530 0.061944 0.157477
0.688720 0.917640 0.062320 0.073319
0.587081 0.183255 0.037092 0.104440
0.398852 0.596904 0.100076 0.377891
0.798061 0.528907 0.106277 0.401401
-----------------------------------
0.908159 0.517748 0.050209 0.184353
0.358071 0.160772 0.030176 0.126695
0.399717 0.588605 0.060788 0.147797
0.802546 0.530007 0.050526 0.189335
0.587903 0.182780 0.035938 0.107251
0.687431 0.915068 0.060564 0.075906
0.398412 0.597354 0.099026 0.373776
-----------------------------------
0.906347 0.510574 0.052939 0.178470
0.358685 0.156158 0.029677 0.121833
0.402968 0.590030 0.045382 0.249671
0.803026 0.522772 0.054069 0.182201
0.587489 0.182471 0.033849 0.101358
0.398434 0.588883 0.101048 0.383905
0.685232 0.905890 0.055185 0.080653
-----------------------------------
0.905288 0.509798 0.054002 0.177385
0.357950 0.155525 0.028038 0.123193
0.588756 0.180589 0.031384 0.107614
0.399454 0.585961 0.102939 0.384623
0.801074 0.517887 0.052419 0.157960
0.404429 0.585891 0.047942 0.252647
0.684811 0.904683 0.057984 0.088672
-----------------------------------
0.904326 0.509630 0.057997 0.176440
0.588966 0.180760 0.035054 0.105513
0.358781 0.154614 0.026313 0.121644
0.400435 0.576651 0.105340 0.369620
0.800073 0.516449 0.050607 0.145822
0.407819 0.567885 0.058255 0.143918
0.684711 0.901141 0.058915 0.091996
-----------------------------------
0.589802 0.178739 0.034490 0.102791
0.903849 0.508171 0.054009 0.184054
0.409693 0.565568 0.057626 0.139569
0.359544 0.157225 0.026247 0.123876
0.684009 0.892145 0.063988 0.088758
0.798065 0.511670 0.048923 0.146082
0.406119 0.573450 0.099545 0.366866
-----------------------------------
0.411900 0.558796 0.059113 0.155978
0.686300 0.887497 0.068481 0.096497
0.591055 0.177287 0.033733 0.108808
0.902748 0.506000 0.054059 0.181563
0.358999 0.156011 0.026560 0.124333
0.800315 0.488089 0.049888 0.181788
0.409376 0.564180 0.097350 0.396935
-----------------------------------
0.592939 0.174930 0.034165 0.106113
0.901657 0.505239 0.050704 0.196069
0.688085 0.882261 0.064185 0.109737
0.359868 0.158667 0.026709 0.117427
0.799637 0.487126 0.049408 0.175098
0.411708 0.554396 0.058245 0.147634
-----------------------------------
0.593651 0.168490 0.033127 0.102522
0.797988 0.486607 0.049146 0.183167
0.415924 0.543512 0.048705 0.145862
0.901296 0.504910 0.048097 0.195467
0.687830 0.876438 0.061680 0.117590
0.361531 0.156974 0.026299 0.117191
-----------------------------------
0.595277 0.165249 0.033841 0.098923
0.799034 0.483409 0.050448 0.178071
0.415488 0.540549 0.049479 0.146207
0.687904 0.877095 0.063236 0.120729
0.901002 0.504395 0.044823 0.178276
0.364461 0.162653 0.026209 0.105343
-----------------------------------
0.799949 0.478112 0.048251 0.164795
0.595680 0.165040 0.034569 0.106822
0.417139 0.538065 0.053180 0.154217
0.902558 0.491295 0.043120 0.181932
0.688130 0.874041 0.063704 0.132927
0.363517 0.161899 0.025205 0.108655
-----------------------------------
0.598310 0.162087 0.036235 0.106497
0.799465 0.478743 0.049879 0.162715
0.418211 0.534310 0.056922 0.162217
0.901509 0.490205 0.043298 0.182028
0.366703 0.164488 0.025624 0.104238
0.688040 0.876738 0.058235 0.124314
-----------------------------------
0.798377 0.474229 0.049571 0.165676
0.599168 0.159353 0.036720 0.108702
0.420140 0.532695 0.053434 0.185474
0.898612 0.485532 0.043739 0.168177
0.367049 0.163023 0.025780 0.104803
0.689379 0.877649 0.058126 0.115155
-----------------------------------
0.798168 0.469203 0.048601 0.162268
0.600795 0.157187 0.036087 0.110710
0.897923 0.475688 0.044339 0.164505
0.420297 0.536580 0.052260 0.173816
0.373207 0.129827 0.023118 0.116745
-----------------------------------
0.799310 0.466100 0.047157 0.160230
0.600941 0.160139 0.035841 0.113114
0.898591 0.465783 0.044103 0.169239
0.374866 0.129903 0.023107 0.123109
0.424674 0.521564 0.053000 0.160025
0.697374 0.850994 0.058735 0.116030
-----------------------------------
0.599643 0.158385 0.039351 0.114780
0.799296 0.462710 0.047109 0.161428
0.377331 0.130190 0.022802 0.116521
0.896991 0.465479 0.042820 0.163294
0.424463 0.516516 0.058393 0.173254
0.696451 0.845845 0.062022 0.125677
-----------------------------------
0.598258 0.155647 0.038189 0.109061
0.378626 0.130398 0.021940 0.115098
0.798842 0.459299 0.045683 0.151847
0.894494 0.463695 0.042003 0.162012
0.424623 0.514940 0.056384 0.171529
0.695439 0.841601 0.062661 0.138503
-----------------------------------
0.598558 0.152895 0.036394 0.116883
0.378181 0.132327 0.022244 0.115812
0.425056 0.515097 0.056055 0.179981
0.895888 0.460051 0.040878 0.165060
0.799101 0.455661 0.047774 0.148842
0.698586 0.836433 0.046189 0.225796
0.698456 0.839617 0.109827 0.314332
-----------------------------------
0.800693 0.438763 0.046105 0.165159
0.897454 0.457487 0.042576 0.167975
0.379258 0.132152 0.023417 0.114484
0.599480 0.150471 0.033580 0.118645
0.425400 0.489977 0.049610 0.153942
0.697501 0.830905 0.047190 0.244084
0.696881 0.834230 0.108446 0.322953
0.266677 0.971602 0.022315 0.036135
-----------------------------------
0.801335 0.435902 0.046563 0.172534
0.425894 0.488877 0.051395 0.134444
0.380108 0.130778 0.023327 0.113218
0.600247 0.147771 0.033602 0.122565
0.894956 0.459036 0.043951 0.170610
-----------------------------------
0.800694 0.432710 0.046205 0.181347
0.426837 0.478344 0.050098 0.140215
0.380027 0.128249 0.024424 0.111522
0.894483 0.459869 0.045392 0.174760
0.697815 0.823016 0.104111 0.342066
0.698262 0.823998 0.049044 0.247963
0.597310 0.136940 0.035180 0.102396
-----------------------------------
0.427403 0.467569 0.054328 0.145291
0.800515 0.426383 0.048309 0.170428
0.380389 0.124764 0.023986 0.111068
0.599024 0.135506 0.034885 0.098181
0.894653 0.458309 0.043899 0.171053
0.696996 0.821852 0.105026 0.338498
0.696685 0.823211 0.049502 0.247628
-----------------------------------
0.800232 0.422174 0.047672 0.171714
0.429519 0.462169 0.052481 0.136298
0.599400 0.134992 0.034525 0.103581
0.379997 0.126318 0.026783 0.110558
0.894435 0.455435 0.040907 0.147404
-----------------------------------
0.799159 0.420933 0.047815 0.171577
0.434372 0.458681 0.055643 0.141520
0.600659 0.132332 0.033232 0.104283
0.380275 0.126024 0.028013 0.112098
0.902194 0.439558 0.039492 0.166431
0.694180 0.821981 0.054380 0.169948
-----------------------------------
0.799029 0.417552 0.047101 0.170850
0.435686 0.455177 0.053013 0.136134
0.598663 0.133233 0.033594 0.104991
0.381027 0.126241 0.024614 0.113759
0.901005 0.437636 0.040907 0.167262
0.693698 0.821135 0.054072 0.187597
-----------------------------------
0.799617 0.417991 0.045180 0.172328
0.598582 0.132526 0.032285 0.107230
0.899095 0.437225 0.041988 0.162928
0.440318 0.453864 0.054087 0.139262
0.381223 0.120809 0.023297 0.113363
-----------------------------------
0.798646 0.415686 0.044390 0.165221
0.598415 0.131121 0.031566 0.107265
0.898728 0.431744 0.042566 0.160700
0.443225 0.441068 0.047586 0.131803
0.382009 0.114328 0.021447 0.114015
0.265408 0.949027 0.051929 0.054755
-----------------------------------
0.598428 0.128319 0.031598 0.104889
0.798758 0.414926 0.044834 0.165098
0.898145 0.424613 0.043413 0.157969
0.445488 0.440958 0.048222 0.148105
0.382201 0.109311 0.021756 0.110756
0.265260 0.943271 0.053285 0.059652
0.690482 0.789521 0.045739 0.183328
-----------------------------------
0.797518 0.410929 0.043627 0.159924
0.448512 0.437419 0.044894 0.160574
0.598296 0.129550 0.032873 0.104502
0.895687 0.413430 0.044058 0.153365
0.382643 0.109766 0.021595 0.111719
0.264407 0.931524 0.057005 0.064540
0.690387 0.789716 0.046439 0.182873
-----------------------------------
0.448430 0.436395 0.047063 0.148956
0.596953 0.127896 0.033130 0.100402
0.799143 0.407450 0.042161 0.139235
0.265257 0.925790 0.062363 0.064584
0.895213 0.411105 0.043567 0.162601
0.388128 0.113051 0.026656 0.104306
0.690847 0.786855 0.052034 0.198022
-----------------------------------
0.450377 0.432297 0.046539 0.141513
0.595422 0.126608 0.032335 0.106609
0.893958 0.408292 0.044772 0.169315
0.798295 0.405885 0.042685 0.135287
0.264362 0.917763 0.060057 0.068185
0.388516 0.113909 0.026773 0.102532
0.690403 0.780928 0.050818 0.214270
-----------------------------------
0.450484 0.421084 0.047817 0.145047
0.598446 0.126363 0.032576 0.106710
0.894189 0.408186 0.046007 0.170030
0.264207 0.915184 0.059465 0.070449
0.798053 0.405204 0.041933 0.133604
0.387946 0.108991 0.026410 0.102049
0.689656 0.778329 0.050725 0.202377
-----------------------------------
0.449896 0.412555 0.051396 0.161499
0.600800 0.123725 0.030869 0.105885
0.893154 0.406802 0.045695 0.173796
0.265859 0.914917 0.062675 0.070194
0.388938 0.106520 0.027222 0.098156
0.798183 0.389125 0.044907 0.153633
0.688684 0.774712 0.050450 0.200385
-----------------------------------
0.603913 0.116894 0.029319 0.109051
0.449878 0.409904 0.050730 0.165944
0.893280 0.405044 0.046112 0.163843
0.688671 0.775280 0.051121 0.209116
0.798244 0.387818 0.048986 0.165051
0.389543 0.105775 0.027602 0.100197
0.264766 0.915045 0.061819 0.073187
-----------------------------------
0.604135 0.112650 0.029106 0.109603
0.450866 0.408122 0.052248 0.155007
0.799439 0.385868 0.048518 0.156858
0.892494 0.404104 0.045795 0.166850
0.688234 0.773065 0.050036 0.215371
0.389906 0.105783 0.027329 0.103113
0.262854 0.904524 0.056407 0.087091
-----------------------------------
0.605830 0.103527 0.029233 0.112003
0.799852 0.384303 0.049178 0.158005
0.451751 0.409516 0.050201 0.155519
0.892275 0.402633 0.041780 0.170966
0.389516 0.105873 0.027874 0.102235
0.264466 0.904341 0.062732 0.088644
0.688831 0.774607 0.050134 0.214153
-----------------------------------
0.605276 0.101316 0.027911 0.112553
0.800624 0.379009 0.050675 0.162750
0.453829 0.408784 0.048926 0.151816
0.389549 0.108578 0.028737 0.100878
0.890047 0.402568 0.044278 0.155609
0.688724 0.767809 0.048996 0.215233
0.264215 0.901001 0.064070 0.098427
-----------------------------------
0.606499 0.101917 0.027276 0.111146
0.801605 0.376946 0.049854 0.154420
0.456517 0.407004 0.046812 0.152997
0.388848 0.105684 0.029224 0.101307
0.888425 0.402642 0.042605 0.156715
0.263723 0.897326 0.061702 0.101330
-----------------------------------
0.606414 0.100348 0.026534 0.110298
0.800831 0.375376 0.050198 0.160108
0.389799 0.107591 0.026224 0.093883
0.457193 0.407684 0.045035 0.161490
0.263521 0.895049 0.062536 0.103755
0.687998 0.739105 0.047567 0.184366
0.888451 0.402460 0.037079 0.139607
-----------------------------------
0.606128 0.099226 0.026460 0.108545
0.801347 0.375347 0.048451 0.151277
0.892013 0.390371 0.037112 0.170800
0.264338 0.892954 0.064139 0.102598
0.390869 0.101677 0.025044 0.092701
0.458665 0.408069 0.043948 0.149542
0.688129 0.728717 0.047431 0.177123
-----------------------------------
0.605685 0.099468 0.026371 0.110232
0.892865 0.385554 0.038454 0.166219
0.800680 0.373706 0.045376 0.142293
0.265862 0.887535 0.068088 0.103576
0.391593 0.100819 0.025406 0.089390
0.458368 0.384289 0.045599 0.141829
0.687817 0.718441 0.046104 0.169343
-----------------------------------
0.606305 0.101188 0.026726 0.112308
0.802036 0.368405 0.043966 0.145436
0.892381 0.383216 0.037735 0.158744
0.459415 0.381202 0.044768 0.137782
0.392043 0.099144 0.026709 0.091064
0.265162 0.884237 0.066582 0.100770
0.689398 0.714115 0.046742 0.193965
-----------------------------------
0.604531 0.100141 0.028377 0.112708
0.801360 0.360075 0.045033 0.136555
0.463784 0.366969 0.047526 0.138461
0.891579 0.383106 0.039375 0.155199
0.391924 0.099054 0.026532 0.091476
0.267300 0.880107 0.121776 0.243868
0.273962 0.887153 0.061680 0.115488
-----------------------------------
0.605245 0.100632 0.027188 0.112580
0.464098 0.355735 0.046040 0.138843
0.802161 0.357710 0.043558 0.137296
0.891188 0.379884 0.039963 0.159264
0.269240 0.878513 0.119546 0.256958
0.392451 0.098883 0.025901 0.091836
0.274855 0.885320 0.066710 0.116203
0.688951 0.689034 0.045803 0.176525
-----------------------------------
0.464688 0.354056 0.045810 0.132452
0.604850 0.100095 0.026814 0.115041
0.802038 0.357388 0.044885 0.145544
0.269208 0.875491 0.116057 0.275248
0.392594 0.100415 0.025773 0.090523
0.688831 0.684988 0.048731 0.183067
0.889919 0.379176 0.043295 0.154213
0.273227 0.877355 0.048171 0.186504
-----------------------------------
0.605368 0.102241 0.026650 0.115157
0.272140 0.875745 0.115784 0.288049
0.800610 0.355096 0.044426 0.139170
0.688207 0.682623 0.049592 0.185981
0.274077 0.875283 0.048629 0.188587
0.465974 0.350576 0.046434 0.131633
0.393015 0.102079 0.026037 0.088068
0.889867 0.377974 0.042828 0.161905
-----------------------------------
0.604796 0.099607 0.025364 0.110277
0.467327 0.352004 0.044175 0.126362
0.688274 0.680668 0.051812 0.180256
0.801774 0.336435 0.041604 0.140663
0.273936 0.871914 0.045750 0.199021
0.273059 0.870702 0.116024 0.286292
0.392798 0.100512 0.025706 0.092866
0.276457 0.874385 0.074140 0.116962
0.877675 0.367802 0.042025 0.137425
-----------------------------------
0.801522 0.337847 0.041483 0.149079
0.605418 0.097358 0.026291 0.105349
0.687895 0.676874 0.049546 0.184136
0.469761 0.351077 0.046033 0.122638
0.394799 0.101490 0.023633 0.091389
0.276410 0.875321 0.069654 0.115561
0.269817 0.871032 0.115627 0.280402
0.273550 0.872361 0.043159 0.199566
0.889338 0.367993 0.040054 0.160936
-----------------------------------
0.801969 0.336406 0.043672 0.147423
0.685658 0.670026 0.050744 0.189636
0.606473 0.096138 0.027825 0.102619
0.472134 0.339496 0.039720 0.109215
0.276697 0.874184 0.067400 0.125026
0.268791 0.871000 0.111765 0.293148
0.395273 0.102939 0.024852 0.088597
0.273738 0.871405 0.043259 0.211292
0.876640 0.359487 0.044714 0.135653
-----------------------------------
0.802559 0.334108 0.043158 0.152380
0.475077 0.341113 0.041927 0.122271
0.687240 0.662903 0.051411 0.209811
0.605552 0.095504 0.029505 0.094506
0.275542 0.876189 0.062024 0.109257
0.395852 0.101092 0.026432 0.083531
0.267594 0.870749 0.111273 0.289082
0.877530 0.356974 0.046268 0.138854
-----------------------------------
0.802595 0.329427 0.044842 0.151381
0.480633 0.340480 0.044333 0.130302
0.686355 0.642084 0.041177 0.178181
0.876736 0.353376 0.041805 0.146211
0.605411 0.094633 0.030215 0.092352
0.395460 0.111846 0.018265 0.084005
0.273088 0.873941 0.053907 0.112405
-----------------------------------
0.485244 0.337774 0.047248 0.147140
0.686482 0.631058 0.046439 0.191797
0.802242 0.327898 0.043899 0.147548
0.601301 0.085897 0.033646 0.082956
0.876961 0.351620 0.042846 0.137829
0.397140 0.108185 0.019224 0.076245
-----------------------------------
0.484722 0.335534 0.048737 0.147580
0.686840 0.624725 0.048720 0.193175
0.802519 0.327859 0.043004 0.136894
0.599672 0.085700 0.032822 0.083663
0.878974 0.337958 0.036973 0.140925
-----------------------------------
0.484581 0.333304 0.051519 0.137524
0.686638 0.616072 0.050741 0.196834
0.801700 0.324585 0.045217 0.140676
0.600763 0.085902 0.032154 0.084429
0.266006 0.866197 0.049504 0.123312
-----------------------------------
0.486257 0.324405 0.049312 0.138586
0.685973 0.612449 0.052071 0.201665
0.802046 0.328365 0.044801 0.132916
0.601632 0.085951 0.030090 0.083822
0.265890 0.866789 0.050417 0.123982
0.879780 0.334503 0.038253 0.143563
0.395540 0.082877 0.028420 0.076894
-----------------------------------
0.486035 0.325712 0.048967 0.139536
0.684983 0.609969 0.051408 0.194684
0.802949 0.323619 0.044843 0.125051
0.600807 0.085724 0.029467 0.081996
0.264513 0.865370 0.051098 0.128814
0.879300 0.332967 0.038286 0.143637
-----------------------------------
0.486798 0.320154 0.049763 0.140037
0.683358 0.608170 0.051633 0.185191
0.803221 0.319564 0.043857 0.124767
0.600811 0.085964 0.029960 0.083829
0.879976 0.329778 0.037060 0.142436
0.260025 0.840155 0.046833 0.128307
-----------------------------------
0.487928 0.321359 0.047526 0.131574
0.682239 0.610531 0.052047 0.180961
0.801558 0.310906 0.043114 0.126744
0.878975 0.322169 0.041967 0.145207
0.258240 0.839445 0.048303 0.131212
0.602496 0.085286 0.030040 0.083138
-----------------------------------
0.489510 0.317598 0.050789 0.138095
0.682396 0.611628 0.052769 0.200362
0.878954 0.319290 0.041565 0.145151
0.257270 0.831729 0.044970 0.141966
0.802250 0.308909 0.043653 0.123360
0.605980 0.084869 0.029408 0.083535
-----------------------------------
0.490969 0.314566 0.050720 0.142696
0.878914 0.316926 0.038432 0.151648
0.256706 0.824307 0.046571 0.159709
0.682963 0.606502 0.048710 0.206073
0.802797 0.308453 0.041430 0.122634
0.605671 0.084028 0.029892 0.081174
-----------------------------------
0.878544 0.318485 0.037513 0.135696
0.255417 0.821131 0.049603 0.184229
0.685635 0.588722 0.046337 0.194872
0.492694 0.311810 0.046740 0.147334
0.802391 0.307625 0.040257 0.119297
-----------------------------------
0.685863 0.586401 0.047659 0.182018
0.255192 0.823575 0.048730 0.183499
0.877234 0.319108 0.039799 0.133196
0.493577 0.311462 0.043900 0.145898
0.802348 0.305623 0.038018 0.112207
-----------------------------------
0.877365 0.313933 0.037255 0.131141
0.685830 0.573178 0.048293 0.172928
0.254006 0.822067 0.051723 0.187451
0.493637 0.299763 0.043074 0.132404
0.802142 0.304861 0.035697 0.112719
-----------------------------------
0.877435 0.309166 0.038425 0.130994
0.684734 0.563665 0.051599 0.181359
0.254242 0.820627 0.051305 0.188463
0.495315 0.286897 0.040681 0.133832
0.605105 0.076328 0.018553 0.082325
0.404292 0.081750 0.017178 0.078543
0.802772 0.305180 0.034551 0.107652
-----------------------------------
0.876194 0.305345 0.035785 0.127135
0.252115 0.817776 0.051673 0.190380
0.683509 0.557142 0.049319 0.177610
0.495935 0.285945 0.045551 0.140738
0.403374 0.081080 0.016600 0.086003
0.604583 0.077106 0.018004 0.084142
0.802709 0.305184 0.032414 0.106893
-----------------------------------
0.875452 0.303882 0.035973 0.130151
0.249894 0.815053 0.053793 0.194425
0.404997 0.078070 0.016469 0.088489
0.502228 0.278232 0.042407 0.124155
0.685079 0.555796 0.048862 0.175826
0.810959 0.286360 0.039332 0.141734
0.607054 0.079596 0.033276 0.069831
-----------------------------------
0.247418 0.813958 0.055438 0.187476
0.503062 0.273499 0.042488 0.122510
0.873175 0.302946 0.035792 0.129828
0.685797 0.540386 0.039512 0.175521
0.404443 0.074829 0.017179 0.082603
0.811066 0.285850 0.041692 0.145456
0.606660 0.068083 0.018660 0.080737
-----------------------------------
0.503640 0.270177 0.042099 0.115954
0.247271 0.814336 0.056027 0.184020
0.685783 0.535938 0.041560 0.185826
0.870568 0.302348 0.035439 0.133960
0.405999 0.070717 0.017519 0.081705
0.810358 0.285073 0.039301 0.150086
0.607451 0.068904 0.018267 0.083425
-----------------------------------
0.504753 0.260466 0.043281 0.117223
0.684670 0.535868 0.044748 0.179203
0.809767 0.284870 0.038457 0.149938
0.870950 0.300842 0.034000 0.131762
0.246864 0.811553 0.054218 0.181682
0.405621 0.068280 0.017759 0.077674
0.608050 0.071145 0.017715 0.082204
-----------------------------------
0.683503 0.533223 0.046829 0.182218
0.506018 0.265110 0.042452 0.114459
0.809677 0.281135 0.037491 0.143984
0.243216 0.786461 0.048317 0.163928
0.871856 0.300634 0.034645 0.136398
0.409047 0.068646 0.017885 0.077402
0.608589 0.071041 0.018547 0.078270
-----------------------------------
0.683307 0.532073 0.049492 0.185243
0.506485 0.265375 0.041202 0.118800
0.244044 0.782266 0.049555 0.169556
0.809545 0.275588 0.035702 0.140350
0.871963 0.299495 0.033360 0.132026
0.412471 0.070389 0.015799 0.078169
0.608816 0.072140 0.018702 0.078695
-----------------------------------
0.682788 0.523900 0.048996 0.180945
0.244535 0.772796 0.050905 0.173183
0.508358 0.259606 0.039994 0.118816
0.809712 0.272789 0.037071 0.139105
0.878276 0.288563 0.036388 0.129734
0.411484 0.072389 0.015962 0.077401
0.608671 0.068992 0.019404 0.078110
-----------------------------------
0.680807 0.516406 0.051678 0.179291
0.244146 0.766264 0.052105 0.188755
0.511388 0.253548 0.040411 0.114645
0.809834 0.266757 0.037472 0.140442
0.878119 0.286506 0.037232 0.133813
0.411330 0.070232 0.016007 0.079924
0.609559 0.067037 0.017919 0.080899
-----------------------------------
0.679583 0.509225 0.048792 0.173726
0.514592 0.252024 0.041933 0.108565
0.240877 0.766084 0.050822 0.174815
0.410856 0.072066 0.015946 0.082899
0.876804 0.285925 0.040046 0.134802
0.608700 0.069103 0.017913 0.082620
0.810333 0.259563 0.036471 0.141036
-----------------------------------
0.678216 0.503641 0.046295 0.158982
0.516264 0.250991 0.041542 0.105090
0.876096 0.287879 0.040201 0.124984
0.410172 0.073360 0.016117 0.082473
0.238748 0.763361 0.052367 0.173746
0.608676 0.066612 0.019767 0.079641
0.805362 0.258964 0.033265 0.121545
-----------------------------------
0.875325 0.282613 0.040834 0.114710
0.238715 0.761401 0.053323 0.171478
0.678584 0.490670 0.040311 0.156309
0.609661 0.066258 0.018513 0.084389
0.410715 0.069664 0.016370 0.085128
0.522239 0.238144 0.043639 0.124585
0.811706 0.253075 0.035000 0.132648
-----------------------------------
0.875673 0.278116 0.038005 0.111637
0.678271 0.489580 0.042150 0.153446
0.237817 0.762130 0.053920 0.160822
0.611162 0.064299 0.017405 0.084354
0.522619 0.237401 0.044570 0.125750
0.410749 0.062040 0.016555 0.079304
0.810762 0.252240 0.034783 0.130183
0.621005 0.062926 0.017661 0.074128
-----------------------------------
0.676015 0.485239 0.045284 0.170242
0.875479 0.270190 0.039134 0.114641
0.612135 0.064051 0.017043 0.083130
0.811393 0.250778 0.035760 0.124044
0.523758 0.236124 0.044918 0.116263
0.409890 0.058622 0.016938 0.078144
0.236676 0.760236 0.054101 0.163762
0.620107 0.063855 0.016795 0.078988
-----------------------------------
0.875537 0.265958 0.038980 0.122602
0.676352 0.483861 0.047386 0.167726
0.525183 0.236744 0.043464 0.118419
0.620007 0.064713 0.016609 0.082873
0.811406 0.250648 0.034052 0.126226
0.612180 0.063567 0.017161 0.080910
0.408996 0.058966 0.016437 0.079486
-----------------------------------
0.876293 0.261137 0.037009 0.117827
0.676041 0.483712 0.048467 0.165953
0.525023 0.236980 0.043184 0.120176
0.812028 0.249366 0.033633 0.128059
0.619537 0.065624 0.015771 0.082366
0.409117 0.059144 0.016786 0.077383
0.234628 0.739869 0.049096 0.146879
0.612752 0.064711 0.016466 0.080957
-----------------------------------
0.874834 0.257716 0.035117 0.118340
0.675278 0.481923 0.049460 0.175465
0.526553 0.235948 0.043709 0.117535
0.620770 0.062537 0.016142 0.087492
0.406512 0.058196 0.016700 0.080961
0.813554 0.249036 0.035979 0.129397
0.234123 0.737776 0.050636 0.150386
0.612829 0.063208 0.016734 0.083328
-----------------------------------
0.872273 0.256996 0.035967 0.119647
0.674033 0.481843 0.050952 0.173776
0.527115 0.233207 0.041480 0.116216
0.621077 0.059459 0.015064 0.088742
0.233928 0.735228 0.050555 0.158338
0.407559 0.054935 0.016959 0.078692
0.814808 0.249058 0.037238 0.128718
0.612775 0.063499 0.016267 0.082616
-----------------------------------
0.871486 0.255753 0.039129 0.121298
0.672841 0.474206 0.049814 0.172012
0.526615 0.232205 0.042684 0.121642
0.620678 0.058747 0.015502 0.086339
0.233982 0.725823 0.053893 0.168019
0.408300 0.052181 0.016526 0.076469
0.814454 0.249400 0.036896 0.127436
-----------------------------------
0.672514 0.468149 0.048530 0.170465
0.870296 0.253005 0.036403 0.119060
0.528123 0.218939 0.041090 0.126735
0.232591 0.723152 0.048558 0.167792
0.620315 0.054572 0.014952 0.086418
0.409441 0.051450 0.016663 0.075333
0.811167 0.238015 0.034429 0.110426
-----------------------------------
0.868825 0.253727 0.038218 0.117079
0.672480 0.461143 0.047944 0.163812
0.531106 0.215084 0.039066 0.115817
0.412080 0.052771 0.016658 0.074924
0.811704 0.236959 0.034677 0.110837
0.620950 0.053460 0.015183 0.078987
0.228502 0.718118 0.047779 0.174843
-----------------------------------
0.870389 0.250833 0.036413 0.115140
0.811406 0.234330 0.038305 0.114779
0.532578 0.205803 0.036380 0.107864
0.669861 0.454793 0.044735 0.148175
0.410715 0.053349 0.016767 0.078512
0.620513 0.053602 0.014335 0.076858
0.227652 0.718117 0.048883 0.169662
-----------------------------------
0.812667 0.232992 0.040939 0.119413
0.869686 0.250860 0.035600 0.115286
0.534383 0.205091 0.034329 0.107549
0.671522 0.436866 0.038950 0.150974
0.620704 0.050478 0.013720 0.077757
0.227382 0.714737 0.048009 0.177033
0.410679 0.051045 0.015761 0.076193
-----------------------------------
0.814036 0.228941 0.043647 0.127339
0.672230 0.437065 0.039977 0.155080
0.622346 0.050650 0.014922 0.073982
0.226726 0.714473 0.046316 0.187742
0.409044 0.052371 0.016083 0.070783
0.864839 0.250462 0.033454 0.122178
0.535873 0.202478 0.038089 0.104949
-----------------------------------
0.671910 0.429126 0.042875 0.162194
0.813907 0.231037 0.043284 0.130618
0.622315 0.048918 0.014631 0.076394
0.865904 0.248942 0.029773 0.120639
0.226292 0.713664 0.047332 0.193406
0.410433 0.054297 0.017351 0.066166
0.541071 0.199621 0.041289 0.114454
-----------------------------------
0.670150 0.423908 0.044477 0.164856
0.816001 0.227323 0.042986 0.131164
0.621828 0.049760 0.015300 0.073349
0.866080 0.237752 0.033685 0.122600
0.225870 0.711780 0.046951 0.204986
0.541634 0.197536 0.042096 0.122283
0.412207 0.051307 0.015665 0.065008
-----------------------------------
0.666956 0.425424 0.046424 0.175314
0.815287 0.220778 0.040112 0.132295
0.866616 0.236038 0.032361 0.119338
0.621369 0.046353 0.014363 0.073779
0.542686 0.198584 0.041759 0.118018
0.222697 0.691306 0.041859 0.154010
0.413180 0.049246 0.015387 0.063941
-----------------------------------
0.666838 0.417775 0.046892 0.164129
0.815246 0.216101 0.038689 0.130831
0.222392 0.688600 0.042494 0.173012
0.866913 0.232592 0.031973 0.120012
0.623530 0.046922 0.015146 0.071886
0.545628 0.185420 0.039330 0.111384
0.415096 0.051196 0.015491 0.064369
-----------------------------------
0.665461 0.413778 0.046705 0.166767
0.222274 0.683053 0.045528 0.177398
0.816392 0.214529 0.037227 0.133534
0.864911 0.228639 0.031803 0.125316
0.624498 0.044850 0.014903 0.069218
0.547299 0.184438 0.039971 0.104354
0.415355 0.053727 0.017116 0.064200
-----------------------------------
0.222684 0.665472 0.050742 0.186693
0.663846 0.410292 0.044089 0.162544
0.867142 0.226071 0.031874 0.122887
0.816223 0.210067 0.036899 0.131381
0.550383 0.183909 0.036817 0.106748
0.623839 0.048111 0.015488 0.066573
0.416649 0.053918 0.016534 0.062119
-----------------------------------
0.661893 0.410107 0.043426 0.161557
0.223491 0.663331 0.048554 0.168182
0.866481 0.225170 0.029180 0.127279
0.549876 0.182368 0.034953 0.111987
0.815226 0.211226 0.034764 0.131718
0.416692 0.051238 0.016230 0.060053
-----------------------------------
0.661022 0.405786 0.042109 0.151680
0.816732 0.209440 0.037326 0.133160
0.552115 0.182837 0.037076 0.113540
0.867771 0.226945 0.029282 0.132295
0.221687 0.659473 0.049146 0.155858
0.416842 0.050667 0.016457 0.063713
0.624639 0.049649 0.015514 0.064159
-----------------------------------
0.817497 0.210072 0.041314 0.138536
0.659544 0.403189 0.040838 0.151595
0.554119 0.181082 0.036494 0.113727
0.219890 0.659910 0.053768 0.165200
0.866893 0.228497 0.029605 0.139982
0.623869 0.048848 0.015062 0.063826
0.416484 0.050541 0.016283 0.061787
-----------------------------------
0.817700 0.203987 0.038517 0.140786
0.553065 0.181175 0.038667 0.115376
0.867689 0.224241 0.030755 0.141808
0.660887 0.388373 0.036429 0.152198
0.221184 0.657742 0.050969 0.150797
0.622832 0.050380 0.014472 0.063584
-----------------------------------
0.659653 0.387335 0.037031 0.148963
0.554928 0.176898 0.039314 0.112178
0.819177 0.202714 0.039184 0.138832
0.865992 0.224030 0.027009 0.137484
0.218434 0.640036 0.042026 0.131980
0.417140 0.048998 0.016725 0.065764
0.622160 0.049776 0.013927 0.062489
-----------------------------------
0.658053 0.385662 0.038911 0.150594
0.866155 0.219589 0.030051 0.133306
0.559155 0.173006 0.040593 0.108304
0.817959 0.199499 0.035647 0.138220
0.216358 0.638936 0.042564 0.137954
0.418231 0.047931 0.015532 0.067269
0.622354 0.047050 0.013333 0.060429
-----------------------------------
0.658137 0.381001 0.038152 0.145151
0.865585 0.213952 0.033019 0.130476
0.560150 0.173533 0.041313 0.105187
0.214402 0.638165 0.042196 0.139359
0.817527 0.200536 0.033112 0.137682
0.417826 0.047507 0.015204 0.059879
-----------------------------------
0.657936 0.375528 0.039751 0.145162
0.213695 0.637923 0.042902 0.143789
0.865171 0.209052 0.033802 0.129034
0.561497 0.176416 0.041848 0.105944
0.819420 0.200299 0.033275 0.129779
-----------------------------------
0.657838 0.373037 0.040111 0.142235
0.563391 0.168036 0.041593 0.104315
0.213524 0.633156 0.043619 0.151733
0.864197 0.204513 0.033641 0.126109
0.810714 0.183565 0.030184 0.110225
-----------------------------------
0.211995 0.628392 0.045533 0.149978
0.657846 0.370477 0.040628 0.149202
0.565464 0.165658 0.043422 0.109633
0.865362 0.200935 0.033068 0.120234
0.810605 0.183468 0.031775 0.111510
-----------------------------------
0.210153 0.626805 0.048275 0.157007
0.658310 0.366858 0.041192 0.137381
0.864429 0.200102 0.031164 0.120419
0.565301 0.160730 0.042095 0.106501
0.810708 0.182805 0.032823 0.111641
-----------------------------------
0.206378 0.622814 0.051025 0.167416
0.566992 0.153006 0.043995 0.107232
0.659262 0.364220 0.039163 0.140497
0.863102 0.198259 0.029294 0.120864
0.811512 0.182160 0.034551 0.110371
-----------------------------------
0.205012 0.612297 0.053534 0.169394
0.660247 0.362935 0.039658 0.144962
0.566180 0.149049 0.042531 0.107623
0.861089 0.198218 0.029431 0.120962
0.811849 0.182903 0.035139 0.110442
-----------------------------------
0.204589 0.609397 0.049525 0.179868
0.661002 0.355821 0.040752 0.132559
0.862207 0.197671 0.028452 0.124842
0.567693 0.144884 0.039712 0.106362
0.812434 0.183106 0.033761 0.108926
-----------------------------------
0.203668 0.607568 0.047130 0.167582
0.661559 0.351126 0.038842 0.120377
0.569736 0.145034 0.034885 0.109633
0.859997 0.196400 0.028505 0.130176
0.813131 0.183238 0.035373 0.102716
-----------------------------------
0.813655 0.182355 0.039228 0.101343
0.860764 0.196051 0.028262 0.132131
0.569988 0.144334 0.035900 0.113618
0.662008 0.337237 0.034135 0.130633
0.200718 0.591112 0.048016 0.127615
-----------------------------------
0.662807 0.336285 0.035781 0.143462
0.814119 0.178483 0.040270 0.106621
0.199059 0.589977 0.049593 0.134249
0.865524 0.187927 0.031956 0.120129
0.571715 0.135224 0.038467 0.096042
-----------------------------------
0.663758 0.333415 0.038026 0.142869
0.816855 0.173581 0.041189 0.099007
0.198429 0.590840 0.050901 0.134898
0.863202 0.186675 0.032245 0.118272
0.572790 0.135913 0.037270 0.097405
-----------------------------------
0.663743 0.331663 0.036892 0.148525
0.815451 0.169711 0.039654 0.100880
0.861745 0.185123 0.029372 0.116114
0.198082 0.589515 0.050589 0.131341
0.573152 0.134599 0.038427 0.097424
-----------------------------------
0.663581 0.330449 0.039384 0.150484
0.818470 0.164803 0.041038 0.108840
0.859328 0.182994 0.030097 0.116301
0.198105 0.588283 0.050115 0.136025
0.578783 0.123311 0.035637 0.098778
0.805175 0.168563 0.028775 0.104879
-----------------------------------
0.662639 0.326494 0.038803 0.149659
0.860520 0.181857 0.027357 0.110251
0.197680 0.588700 0.049467 0.144856
0.817266 0.157463 0.036562 0.109457
0.578293 0.127534 0.032516 0.098017
0.804676 0.160284 0.027175 0.100149
-----------------------------------
0.661948 0.326418 0.038107 0.148565
0.861474 0.175435 0.026525 0.114179
0.579712 0.122507 0.032805 0.101796
0.198043 0.588084 0.047528 0.147497
0.817061 0.159530 0.036108 0.108561
0.804641 0.162206 0.025686 0.099882
-----------------------------------
0.580771 0.123577 0.033139 0.109838
0.662153 0.323058 0.039093 0.149374
0.861721 0.165775 0.026250 0.120264
0.198067 0.584334 0.044428 0.149685
0.816881 0.153313 0.037551 0.113074
0.804217 0.156150 0.031133 0.101599
-----------------------------------
