-----------------------------------
0.548730 0.724703 0.062315 0.173681
0.446473 0.723532 0.048030 0.148733
-----------------------------------
0.447946 0.717577 0.048639 0.152430
0.549677 0.721859 0.063043 0.172968
-----------------------------------
0.548548 0.723979 0.060426 0.185369
0.450312 0.684763 0.050483 0.160035
0.552357 0.718199 0.111277 0.358776
-----------------------------------
0.551800 0.721308 0.059889 0.202581
0.446988 0.684154 0.051081 0.142397
-----------------------------------
0.553723 0.716136 0.059579 0.197068
0.447931 0.685543 0.052374 0.149182
-----------------------------------
0.553834 0.715186 0.060229 0.190087
0.448321 0.682033 0.052318 0.126873
-----------------------------------
0.554784 0.715245 0.059570 0.204578
0.446822 0.681853 0.052038 0.138405
-----------------------------------
0.555986 0.715082 0.058119 0.213885
0.446826 0.684233 0.051433 0.145529
-----------------------------------
0.554246 0.712311 0.060871 0.197706
0.447327 0.683895 0.052603 0.140988
0.554525 0.707177 0.108554 0.378758
-----------------------------------
0.448122 0.680204 0.054151 0.152261
0.554695 0.704503 0.110801 0.380799
0.548810 0.711096 0.048906 0.301929
-----------------------------------
0.452016 0.678661 0.051549 0.167264
0.556204 0.696588 0.056416 0.186341
0.555585 0.702089 0.112389 0.376787
-----------------------------------
0.557908 0.696358 0.055039 0.194188
0.455591 0.675949 0.048715 0.152953
-----------------------------------
0.559930 0.690637 0.055779 0.205445
0.454368 0.634735 0.048570 0.134026
-----------------------------------
0.562637 0.684990 0.056271 0.183896
0.457487 0.632749 0.043850 0.136230
0.565525 0.681082 0.122542 0.380697
-----------------------------------
0.564687 0.669098 0.057153 0.156308
0.570180 0.669153 0.124388 0.366739
0.458448 0.627138 0.045549 0.139655
-----------------------------------
0.564033 0.663839 0.059496 0.155640
0.465360 0.630526 0.044267 0.163578
0.569791 0.666177 0.122167 0.366598
-----------------------------------
0.466207 0.627256 0.043713 0.166922
0.563738 0.660150 0.058642 0.140508
0.571774 0.664705 0.124004 0.344853
-----------------------------------
0.465239 0.628766 0.042702 0.141854
0.571478 0.664752 0.121997 0.359420
0.564867 0.661536 0.059132 0.231443
-----------------------------------
0.466853 0.629398 0.044144 0.148425
0.571904 0.663376 0.124098 0.349155
-----------------------------------
0.467841 0.625668 0.043306 0.143430
0.569933 0.647227 0.051115 0.161247
0.575131 0.641796 0.119764 0.336830
-----------------------------------
0.470812 0.630850 0.043163 0.139399
0.570404 0.645926 0.050432 0.160759
-----------------------------------
0.472129 0.624560 0.043220 0.151719
0.571360 0.643795 0.048615 0.163076
-----------------------------------
0.473617 0.624614 0.042781 0.139130
-----------------------------------
0.475798 0.623391 0.042442 0.149593
0.584408 0.642483 0.047365 0.159538
-----------------------------------
0.477621 0.621006 0.041267 0.154525
0.583695 0.639268 0.050881 0.147672
-----------------------------------
0.480563 0.620034 0.043394 0.156763
0.587571 0.638913 0.053295 0.149200
-----------------------------------
0.483420 0.621106 0.044198 0.157669
0.590736 0.635660 0.053646 0.146284
-----------------------------------
0.593963 0.626429 0.055855 0.159879
0.486853 0.624238 0.044755 0.151731
0.355962 0.968306 0.023979 0.032219
-----------------------------------
0.596235 0.619855 0.058989 0.164306
0.490236 0.618666 0.045908 0.162780
0.355692 0.967333 0.023031 0.033984
-----------------------------------
0.598758 0.615188 0.060269 0.148425
0.492164 0.620234 0.046982 0.149658
-----------------------------------
0.601519 0.612367 0.054199 0.156753
0.490901 0.581048 0.047199 0.187070
0.947010 0.968252 0.025661 0.040004
-----------------------------------
0.598716 0.610834 0.053775 0.149428
0.493577 0.580591 0.045942 0.184143
-----------------------------------
0.494946 0.575549 0.045935 0.198672
0.604204 0.612275 0.052378 0.155433
-----------------------------------
0.602176 0.613691 0.052322 0.146196
0.495518 0.574282 0.042484 0.186989
0.363513 0.957413 0.022205 0.055655
-----------------------------------
0.495527 0.576094 0.043281 0.197572
0.604528 0.612894 0.053423 0.145120
0.365666 0.956272 0.023596 0.058593
-----------------------------------
0.604100 0.610841 0.046489 0.160842
0.496672 0.573434 0.045238 0.173450
0.369905 0.954355 0.024656 0.060024
-----------------------------------
0.606187 0.610872 0.040267 0.172333
0.497114 0.572568 0.045720 0.183780
0.371765 0.949949 0.024830 0.059642
-----------------------------------
0.503646 0.572793 0.047100 0.168022
0.607293 0.609907 0.040713 0.169341
-----------------------------------
0.607401 0.611024 0.042727 0.174700
0.504323 0.570537 0.045007 0.150111
0.375240 0.939288 0.026756 0.060238
-----------------------------------
0.504151 0.571451 0.048720 0.155885
0.606562 0.610423 0.043705 0.173664
0.374612 0.929528 0.025691 0.061792
0.942876 0.951020 0.057957 0.059905
-----------------------------------
0.938791 0.946348 0.065264 0.061204
0.507223 0.568899 0.050145 0.164702
0.372111 0.924345 0.046642 0.062155
0.606957 0.611663 0.043484 0.169948
-----------------------------------
0.937061 0.942813 0.068444 0.064607
0.508737 0.565207 0.049267 0.170523
0.610087 0.594559 0.046761 0.173289
-----------------------------------
0.938600 0.933855 0.070203 0.069428
0.510819 0.566825 0.049952 0.178192
-----------------------------------
0.935938 0.928786 0.078002 0.070995
0.514036 0.563326 0.050854 0.172521
0.621759 0.590600 0.048951 0.174664
-----------------------------------
0.936578 0.920887 0.078433 0.072656
0.514685 0.562280 0.047665 0.177024
0.620334 0.586976 0.050152 0.179542
-----------------------------------
0.937119 0.920616 0.075304 0.073594
0.519035 0.538355 0.043315 0.168614
0.620873 0.581178 0.050671 0.178498
-----------------------------------
0.521404 0.538533 0.038607 0.165460
0.622046 0.580194 0.050436 0.169322
0.935982 0.918098 0.072941 0.074274
-----------------------------------
0.623259 0.573663 0.054452 0.153240
0.524632 0.536433 0.038327 0.166496
0.934331 0.916173 0.072108 0.076394
-----------------------------------
0.624117 0.570292 0.053342 0.165728
0.936297 0.906149 0.067712 0.086819
0.528130 0.533832 0.037934 0.164471
-----------------------------------
0.936688 0.905594 0.066891 0.086806
0.623689 0.571962 0.049579 0.147884
0.523010 0.537680 0.036673 0.154938
-----------------------------------
0.939155 0.905724 0.067766 0.089162
0.624378 0.563697 0.052131 0.151118
0.528785 0.535773 0.035506 0.171917
0.372672 0.903057 0.050069 0.085974
-----------------------------------
0.938599 0.903672 0.064298 0.091134
0.624520 0.565039 0.054342 0.140866
0.528133 0.533115 0.035178 0.159579
0.371678 0.902436 0.049890 0.088856
-----------------------------------
0.935674 0.900352 0.068497 0.093983
0.624207 0.562471 0.054877 0.127034
0.371403 0.900065 0.048978 0.095655
0.529818 0.532398 0.037243 0.157911
-----------------------------------
0.930269 0.894577 0.065601 0.099832
0.626339 0.559693 0.052599 0.134356
0.368544 0.899266 0.048228 0.095893
0.531737 0.531962 0.038205 0.165683
-----------------------------------
0.630190 0.560122 0.048589 0.149387
0.929722 0.884176 0.073804 0.096859
0.367101 0.895412 0.048940 0.095453
0.531899 0.533437 0.038264 0.153118
-----------------------------------
0.630214 0.557900 0.047718 0.128189
0.365857 0.897859 0.052008 0.095082
0.926262 0.877902 0.072393 0.109610
0.533013 0.529574 0.036497 0.153367
-----------------------------------
0.631183 0.557169 0.048900 0.132840
0.365486 0.894566 0.050673 0.093725
0.534292 0.533355 0.038979 0.149868
0.925949 0.878120 0.071040 0.106989
-----------------------------------
0.630602 0.556572 0.049020 0.140276
0.364140 0.894632 0.051058 0.097222
0.533834 0.530179 0.040303 0.147614
-----------------------------------
0.361180 0.888019 0.052280 0.101412
0.629918 0.554822 0.049270 0.159008
0.916905 0.873028 0.076787 0.125939
0.533925 0.529541 0.040726 0.154927
-----------------------------------
0.359464 0.886277 0.054223 0.111256
0.630792 0.554136 0.054406 0.148014
0.544595 0.530174 0.039345 0.152780
0.912017 0.868054 0.053058 0.182495
-----------------------------------
0.361413 0.884244 0.052758 0.114940
0.636670 0.545150 0.051628 0.152296
0.544073 0.527079 0.040684 0.155858
0.911260 0.856463 0.062274 0.188752
0.909743 0.852505 0.123430 0.262646
-----------------------------------
0.638375 0.542411 0.052568 0.166742
0.358255 0.881739 0.050717 0.115294
0.547708 0.522599 0.041037 0.158207
0.905863 0.855533 0.055613 0.162764
0.907644 0.851390 0.121844 0.263568
-----------------------------------
0.641718 0.540338 0.051768 0.162557
0.359597 0.878301 0.053099 0.118229
0.905869 0.854325 0.058453 0.163300
0.551492 0.519245 0.041672 0.150796
0.910299 0.851921 0.120989 0.266068
-----------------------------------
0.358273 0.873979 0.052644 0.127350
0.640515 0.537493 0.050871 0.155592
0.905565 0.852225 0.056921 0.166730
0.553945 0.520623 0.040524 0.149059
0.907409 0.850360 0.123517 0.262903
-----------------------------------
0.357836 0.872783 0.054761 0.128504
0.639153 0.535632 0.051986 0.152157
0.906745 0.850527 0.056847 0.178872
0.555658 0.520245 0.039395 0.147336
0.908465 0.849810 0.118936 0.266142
-----------------------------------
0.639567 0.530246 0.051880 0.142829
0.359146 0.873178 0.055829 0.133676
0.906330 0.849446 0.055308 0.189012
0.555080 0.521542 0.037589 0.144594
0.908202 0.849872 0.122998 0.271966
-----------------------------------
0.641160 0.526840 0.049699 0.145716
0.561611 0.523976 0.039758 0.145334
0.360206 0.874277 0.054639 0.131887
0.911441 0.850462 0.054544 0.188817
0.909418 0.850662 0.122373 0.265484
-----------------------------------
0.639423 0.524394 0.052031 0.153029
0.562412 0.521237 0.041809 0.144190
0.359227 0.875234 0.054334 0.127485
0.911481 0.849415 0.055214 0.194097
0.908937 0.849900 0.124373 0.266508
-----------------------------------
0.641345 0.523301 0.050678 0.140954
0.563927 0.524317 0.041300 0.137378
0.908566 0.847580 0.057220 0.203410
0.357626 0.873497 0.054337 0.129778
0.906553 0.847737 0.127717 0.281608
-----------------------------------
0.640591 0.518257 0.055366 0.144127
0.907807 0.843143 0.128200 0.271787
0.909486 0.845546 0.060225 0.207368
0.564689 0.519542 0.045567 0.148630
0.356436 0.870738 0.049677 0.127330
-----------------------------------
0.642884 0.514708 0.051987 0.141479
0.901021 0.842726 0.128178 0.284496
0.902997 0.844785 0.058474 0.212575
0.563351 0.518864 0.042806 0.140969
0.357601 0.869760 0.053325 0.122272
-----------------------------------
0.899605 0.845433 0.127111 0.305403
0.642514 0.515456 0.050378 0.149811
0.897732 0.845860 0.056907 0.217058
0.564635 0.519777 0.045115 0.143279
0.356080 0.868082 0.049737 0.127011
-----------------------------------
0.897650 0.834303 0.133792 0.304597
0.897237 0.839137 0.056368 0.224344
0.643378 0.514914 0.050852 0.157726
0.564543 0.518173 0.042503 0.136329
0.351825 0.847743 0.049566 0.137525
-----------------------------------
0.896918 0.828407 0.135251 0.315129
0.643774 0.514996 0.051375 0.151124
0.898199 0.834624 0.055710 0.227637
0.570105 0.480372 0.042747 0.147864
0.350019 0.845153 0.051012 0.141552
-----------------------------------
0.901758 0.825635 0.134080 0.327655
0.901917 0.830634 0.054739 0.237658
0.642981 0.512452 0.053366 0.139661
0.569848 0.482260 0.040782 0.159378
0.348851 0.841034 0.053980 0.142143
-----------------------------------
0.904036 0.819318 0.127829 0.329964
0.902792 0.827559 0.052164 0.249450
0.642893 0.512565 0.048545 0.131731
0.567492 0.519888 0.040843 0.130856
-----------------------------------
0.907735 0.815201 0.119846 0.325234
0.906625 0.824630 0.049435 0.245459
0.642720 0.510624 0.048388 0.135701
0.572053 0.483941 0.039818 0.155867
-----------------------------------
0.904069 0.823067 0.046720 0.241633
0.903809 0.811923 0.116775 0.330893
0.639078 0.508783 0.050976 0.133399
0.573568 0.478931 0.039246 0.167572
-----------------------------------
0.903221 0.818515 0.045991 0.252339
0.902191 0.810116 0.115567 0.338415
0.640759 0.494731 0.047346 0.154049
0.573516 0.477288 0.038397 0.159823
-----------------------------------
0.902005 0.820400 0.042771 0.247006
0.898075 0.812115 0.112457 0.344595
0.640621 0.494644 0.049755 0.159989
0.581659 0.481817 0.036229 0.172250
-----------------------------------
0.641406 0.492759 0.049285 0.165949
0.905125 0.818290 0.043365 0.254825
0.901766 0.809485 0.110576 0.345574
0.573472 0.472525 0.035056 0.178525
0.339910 0.839741 0.050132 0.146668
-----------------------------------
0.641405 0.490723 0.047355 0.158085
0.898131 0.807538 0.112958 0.344880
0.905793 0.815891 0.064347 0.194323
0.339088 0.834053 0.049353 0.148375
0.573263 0.472788 0.031006 0.160002
-----------------------------------
0.642553 0.489624 0.044378 0.155149
0.903972 0.813925 0.062311 0.204069
0.337386 0.833534 0.048207 0.152737
0.894111 0.806087 0.109690 0.347854
-----------------------------------
0.643397 0.487390 0.044075 0.166482
0.334911 0.839918 0.050338 0.164288
0.895207 0.807196 0.109981 0.348546
0.900119 0.813513 0.063896 0.203983
0.583747 0.465464 0.035160 0.148299
-----------------------------------
0.645095 0.487216 0.044236 0.160096
0.331232 0.833349 0.046861 0.168822
0.887794 0.804643 0.109434 0.358551
0.898983 0.795175 0.064161 0.161019
-----------------------------------
0.646054 0.485291 0.042545 0.157199
0.330055 0.830583 0.049497 0.172231
0.894289 0.795853 0.062826 0.170199
0.887403 0.805633 0.107044 0.372402
-----------------------------------
0.645039 0.481002 0.042324 0.142239
0.328155 0.831002 0.053969 0.183463
0.893149 0.791225 0.064754 0.175931
0.885391 0.800436 0.108116 0.374081
-----------------------------------
0.644086 0.473916 0.044481 0.141036
0.885291 0.795140 0.112290 0.377854
0.890258 0.793031 0.044325 0.229874
0.326447 0.827198 0.052357 0.178994
0.581309 0.435769 0.034594 0.131110
-----------------------------------
0.646081 0.474960 0.042199 0.145155
0.884209 0.785917 0.112006 0.380915
0.889964 0.789238 0.044330 0.247695
0.328160 0.829926 0.052431 0.178771
-----------------------------------
0.646396 0.476022 0.045675 0.145300
0.880331 0.783293 0.113467 0.391852
0.328975 0.828469 0.051885 0.177637
0.888683 0.788464 0.045845 0.255097
0.581181 0.436238 0.032148 0.124274
-----------------------------------
0.647025 0.473106 0.042387 0.145867
0.877613 0.778077 0.108773 0.397076
0.327598 0.826295 0.052543 0.174076
0.581798 0.437722 0.035374 0.136582
0.880073 0.783904 0.048855 0.278455
-----------------------------------
0.647293 0.472202 0.043688 0.149567
0.875841 0.773408 0.106757 0.406755
0.879814 0.778925 0.048172 0.287234
0.326934 0.824649 0.052623 0.171869
-----------------------------------
0.646894 0.465110 0.042155 0.146804
0.878370 0.771184 0.108475 0.405158
0.325417 0.820029 0.051879 0.164256
0.878973 0.774989 0.047783 0.296426
0.581961 0.438742 0.035101 0.131903
-----------------------------------
0.646945 0.460117 0.042170 0.140621
0.322920 0.817090 0.052032 0.186568
0.879464 0.767934 0.108309 0.400898
0.582811 0.439716 0.037275 0.145631
0.878641 0.770503 0.048540 0.286737
-----------------------------------
0.649389 0.455132 0.037019 0.134092
0.583773 0.438094 0.039029 0.136781
0.877945 0.767717 0.108643 0.415548
0.323067 0.813724 0.052473 0.186666
0.878987 0.770131 0.050353 0.292074
-----------------------------------
0.585473 0.437768 0.042329 0.144690
0.323426 0.797457 0.049380 0.178516
0.646711 0.455387 0.042227 0.131274
0.875925 0.767929 0.107719 0.417976
0.877736 0.769885 0.049472 0.282287
-----------------------------------
0.586299 0.437584 0.040410 0.150136
0.323679 0.795956 0.047031 0.170898
0.875820 0.766221 0.106922 0.437256
0.878521 0.768076 0.048136 0.297168
0.644557 0.455837 0.041861 0.132503
-----------------------------------
0.587028 0.435999 0.042270 0.149041
0.321850 0.795434 0.044927 0.166846
0.878696 0.762870 0.112039 0.429039
0.877794 0.762894 0.051059 0.293890
-----------------------------------
0.590912 0.431697 0.042353 0.164572
0.322277 0.794156 0.045873 0.166535
0.883531 0.749641 0.110301 0.402491
-----------------------------------
0.592902 0.431169 0.041570 0.168341
0.322686 0.795632 0.045744 0.182063
0.884771 0.746960 0.113012 0.388977
0.658839 0.438988 0.037411 0.133987
-----------------------------------
0.322998 0.792561 0.049193 0.186104
0.595294 0.428232 0.042064 0.156993
0.883917 0.739762 0.112941 0.386082
0.879883 0.741635 0.045818 0.295624
0.659030 0.439391 0.041225 0.135087
-----------------------------------
0.324552 0.791039 0.047744 0.192795
0.596698 0.422872 0.041831 0.147646
0.878915 0.732153 0.046223 0.281421
0.660486 0.436018 0.041918 0.134470
0.881375 0.732391 0.113403 0.382822
-----------------------------------
0.324721 0.787301 0.049437 0.196973
0.597327 0.423846 0.040611 0.137453
0.660747 0.435539 0.045761 0.134246
0.879490 0.729030 0.043201 0.280942
0.882316 0.730129 0.108089 0.394094
-----------------------------------
0.325017 0.775970 0.049220 0.191529
0.602287 0.426755 0.043369 0.127150
0.663219 0.436505 0.043911 0.144456
0.879026 0.723585 0.042533 0.279854
0.879871 0.724547 0.106470 0.396459
-----------------------------------
0.325811 0.778668 0.048234 0.189290
0.600293 0.423090 0.040337 0.134322
0.879639 0.718707 0.042277 0.295127
0.880812 0.721723 0.109099 0.398072
0.661853 0.436536 0.043715 0.145315
-----------------------------------
0.323795 0.775052 0.048524 0.205027
0.665133 0.437601 0.044432 0.152805
0.880363 0.716040 0.106361 0.392018
0.602185 0.419409 0.041511 0.132591
-----------------------------------
0.321392 0.769366 0.050873 0.188135
0.665889 0.438610 0.045457 0.151344
0.879795 0.716106 0.102419 0.398208
0.600447 0.418611 0.040151 0.128762
-----------------------------------
0.319233 0.765099 0.053370 0.184367
0.663337 0.439041 0.043588 0.146721
0.602661 0.419225 0.040335 0.127604
0.880428 0.714580 0.103512 0.407494
-----------------------------------
0.663698 0.438183 0.042958 0.151614
0.320837 0.763603 0.052104 0.178645
0.602159 0.419291 0.038447 0.125300
0.877886 0.712113 0.103974 0.405921
-----------------------------------
0.661990 0.437309 0.046087 0.148733
0.321149 0.763251 0.053414 0.179355
0.601975 0.419495 0.039635 0.122794
0.874708 0.712364 0.103280 0.406136
-----------------------------------
0.661732 0.430514 0.046328 0.135823
0.319765 0.744736 0.049703 0.179508
0.602802 0.422374 0.041175 0.118256
0.879438 0.694834 0.052142 0.174760
-----------------------------------
0.664504 0.429331 0.045859 0.127399
0.878626 0.693320 0.051665 0.174867
0.319739 0.744463 0.050429 0.169065
-----------------------------------
0.664302 0.422682 0.046664 0.124224
0.877849 0.689743 0.053480 0.180228
0.320830 0.743742 0.048038 0.169048
-----------------------------------
0.662503 0.414544 0.046099 0.121135
0.875801 0.673319 0.051782 0.179922
0.319239 0.743711 0.045753 0.181480
0.593863 0.421386 0.039765 0.124072
-----------------------------------
0.663251 0.411417 0.044896 0.118274
0.875271 0.663840 0.053181 0.188540
0.318647 0.742840 0.045829 0.183633
0.595270 0.420752 0.041004 0.124458
-----------------------------------
0.661838 0.407005 0.042483 0.119892
0.872567 0.657916 0.053169 0.198904
0.317143 0.734687 0.045241 0.170600
0.594239 0.417125 0.040610 0.132331
-----------------------------------
0.662120 0.407095 0.042390 0.119461
0.871122 0.656799 0.051479 0.194981
0.315126 0.729666 0.043415 0.169247
0.593975 0.418745 0.041388 0.122579
-----------------------------------
0.662965 0.404916 0.041465 0.117309
0.595593 0.418696 0.043190 0.123528
0.868267 0.643299 0.051038 0.177129
0.314648 0.720267 0.044377 0.167257
-----------------------------------
0.867416 0.642208 0.053414 0.199077
0.661134 0.404197 0.039242 0.116138
0.594680 0.414863 0.043017 0.122813
0.314616 0.712818 0.044643 0.168213
-----------------------------------
0.865408 0.643501 0.057348 0.200551
0.662717 0.403379 0.040225 0.119357
0.593939 0.413870 0.042728 0.120214
0.316047 0.712032 0.042787 0.165905
-----------------------------------
0.863546 0.638557 0.059283 0.193831
0.318929 0.696812 0.040386 0.173669
0.661116 0.403713 0.039250 0.120389
0.592228 0.379774 0.041337 0.143185
-----------------------------------
0.863895 0.639444 0.059095 0.208323
0.318166 0.694714 0.040788 0.178617
0.662859 0.404464 0.038193 0.123643
0.594180 0.379953 0.040842 0.145352
0.859375 0.640649 0.095331 0.407635
-----------------------------------
0.859128 0.643186 0.041314 0.269835
0.662903 0.402869 0.041463 0.127447
0.317756 0.693272 0.040429 0.181354
0.595211 0.378422 0.039083 0.139824
0.857397 0.640974 0.097552 0.430502
-----------------------------------
0.860320 0.641062 0.062192 0.218603
0.318867 0.692546 0.041947 0.181087
0.664974 0.402861 0.038812 0.126009
0.595466 0.377917 0.036824 0.141626
0.856416 0.642712 0.097424 0.419313
-----------------------------------
0.861299 0.638642 0.060822 0.211750
0.317049 0.691422 0.040731 0.182013
0.665657 0.402651 0.037260 0.132211
0.595707 0.376454 0.038093 0.142253
0.856603 0.640782 0.098325 0.418956
-----------------------------------
0.317731 0.688783 0.043213 0.186931
0.857223 0.638951 0.042526 0.273893
0.594175 0.377156 0.037870 0.150348
0.667652 0.403138 0.039714 0.140373
0.856525 0.637363 0.100991 0.422554
-----------------------------------
0.316331 0.683585 0.042249 0.177478
0.860494 0.628532 0.043415 0.276097
0.671526 0.390795 0.039817 0.120745
0.594516 0.378568 0.039331 0.150391
0.859612 0.627306 0.106295 0.411631
-----------------------------------
0.673792 0.390545 0.040514 0.118787
0.317656 0.679089 0.040554 0.168248
0.857451 0.621981 0.061895 0.216218
0.594062 0.378062 0.038762 0.136030
0.858096 0.627700 0.102343 0.414468
-----------------------------------
0.676548 0.386758 0.033714 0.124216
0.855205 0.613218 0.060226 0.212884
0.317490 0.674812 0.041025 0.165015
0.593983 0.376184 0.038072 0.143604
0.859526 0.619835 0.102863 0.412654
-----------------------------------
0.677328 0.388437 0.040418 0.126952
0.321064 0.673670 0.041362 0.170088
0.593998 0.375155 0.036534 0.157207
0.859282 0.608424 0.100759 0.421279
0.856904 0.594850 0.054268 0.177013
-----------------------------------
0.678272 0.384965 0.036612 0.128540
0.856500 0.591691 0.055455 0.190147
0.321707 0.670311 0.041772 0.177799
0.591676 0.371060 0.037546 0.161804
-----------------------------------
0.681258 0.382158 0.038345 0.125350
0.855102 0.588909 0.053911 0.189241
0.321645 0.664438 0.042703 0.174421
0.590081 0.371605 0.039299 0.152659
-----------------------------------
0.679495 0.381026 0.038618 0.128606
0.855500 0.584511 0.056724 0.185872
0.591013 0.373128 0.040522 0.156547
0.323901 0.660046 0.040359 0.157063
-----------------------------------
0.679594 0.374776 0.042951 0.126531
0.853033 0.581471 0.056396 0.193030
0.591098 0.374176 0.040270 0.144202
0.323604 0.658704 0.039712 0.155743
-----------------------------------
0.680195 0.369404 0.039839 0.126967
0.852186 0.578203 0.057092 0.205993
0.591494 0.370032 0.039689 0.132647
0.324223 0.643845 0.042034 0.171616
-----------------------------------
0.682949 0.369436 0.039965 0.123945
0.851730 0.578089 0.053673 0.201208
0.327966 0.640236 0.043657 0.171881
0.589053 0.371910 0.039146 0.119473
-----------------------------------
0.683535 0.369779 0.041355 0.130936
0.327997 0.639776 0.043281 0.180116
0.849132 0.571427 0.056463 0.205085
0.589648 0.372248 0.038705 0.117413
-----------------------------------
0.684470 0.365981 0.039247 0.133940
0.327939 0.637807 0.043800 0.171657
0.848984 0.571706 0.054150 0.203630
0.589650 0.370886 0.041018 0.121052
-----------------------------------
0.683935 0.368910 0.041800 0.133871
0.330032 0.634482 0.042060 0.178279
0.848449 0.571623 0.053117 0.188435
0.589163 0.368543 0.040915 0.119441
-----------------------------------
0.683179 0.369092 0.043881 0.133174
0.330235 0.636108 0.042790 0.182219
0.588466 0.364581 0.039240 0.130701
0.848297 0.569205 0.052818 0.186727
-----------------------------------
0.331828 0.632498 0.039420 0.183744
0.682586 0.366526 0.046017 0.131901
0.589053 0.363722 0.041209 0.125235
0.843142 0.559885 0.049874 0.150799
-----------------------------------
0.683963 0.369099 0.042110 0.129541
0.331888 0.630511 0.040150 0.184792
0.588842 0.364893 0.040696 0.126834
0.841486 0.555931 0.050092 0.151223
-----------------------------------
0.331478 0.632504 0.039707 0.186413
0.841816 0.542275 0.048476 0.175357
0.683198 0.368489 0.046904 0.126251
0.588774 0.366555 0.040135 0.117944
-----------------------------------
0.331460 0.629448 0.040231 0.185951
0.839566 0.540463 0.048241 0.174047
0.684690 0.357059 0.039921 0.118802
0.587581 0.371073 0.039064 0.108678
-----------------------------------
0.837031 0.540077 0.049504 0.164722
0.685754 0.351927 0.039360 0.119841
0.330758 0.628195 0.041793 0.189440
0.586255 0.368392 0.037515 0.108996
-----------------------------------
0.836180 0.535398 0.046433 0.184205
0.331317 0.622683 0.042545 0.175756
0.685654 0.350524 0.038896 0.119270
0.585522 0.331738 0.036524 0.125779
-----------------------------------
0.835016 0.528930 0.046786 0.179995
0.331188 0.614545 0.039364 0.189307
0.685561 0.349887 0.038254 0.121917
0.584912 0.330576 0.036837 0.130859
-----------------------------------
0.832585 0.521473 0.049904 0.182332
0.333198 0.611172 0.037918 0.170919
0.684927 0.348904 0.038992 0.127194
0.585378 0.329051 0.034589 0.133607
-----------------------------------
0.831817 0.519732 0.050691 0.187761
0.686011 0.342389 0.041598 0.118425
0.584924 0.329564 0.038048 0.133515
0.332946 0.608765 0.034457 0.174171
-----------------------------------
0.827584 0.516064 0.050191 0.195324
0.686296 0.342235 0.041287 0.115067
0.585032 0.328405 0.037970 0.124944
0.332289 0.610324 0.034370 0.170120
-----------------------------------
0.826524 0.517466 0.047244 0.187692
0.684508 0.342205 0.040717 0.115309
0.583658 0.326431 0.037361 0.126245
0.330448 0.589696 0.038125 0.155477
-----------------------------------
0.823148 0.513692 0.046697 0.177291
0.683398 0.341357 0.039369 0.111717
0.582551 0.323816 0.038587 0.133467
0.330730 0.582713 0.037092 0.164975
-----------------------------------
0.684691 0.341145 0.038811 0.120284
0.818380 0.512852 0.046064 0.178177
0.331702 0.581469 0.040210 0.160479
0.582534 0.324288 0.038228 0.126166
-----------------------------------
0.814421 0.510200 0.044933 0.176010
0.331359 0.579396 0.040351 0.171614
0.683648 0.341168 0.040945 0.124921
0.583510 0.324573 0.036937 0.129591
-----------------------------------
0.684965 0.340967 0.039583 0.125127
0.332401 0.576254 0.040412 0.176510
0.812105 0.508410 0.044510 0.183409
0.583546 0.321021 0.039792 0.136179
-----------------------------------
0.685103 0.339933 0.036853 0.120286
0.333215 0.571926 0.040061 0.183380
0.584023 0.324579 0.038420 0.129474
0.810466 0.508905 0.039934 0.179968
-----------------------------------
0.687535 0.339533 0.035451 0.118552
0.333197 0.570253 0.040465 0.190314
0.584742 0.320699 0.035785 0.129754
0.811623 0.492172 0.044888 0.155961
-----------------------------------
0.687383 0.336186 0.032990 0.117838
0.334069 0.567074 0.041007 0.182496
0.585583 0.317954 0.034066 0.122633
0.810522 0.489410 0.046443 0.161992
-----------------------------------
0.688571 0.332619 0.033383 0.116805
0.334727 0.564224 0.041240 0.180131
0.586173 0.315121 0.032064 0.118917
-----------------------------------
0.688384 0.325385 0.032143 0.113172
0.335757 0.561359 0.038892 0.173616
0.803663 0.478935 0.050659 0.156552
0.585943 0.316028 0.032272 0.114517
-----------------------------------
0.687885 0.315962 0.032345 0.111615
0.799621 0.473437 0.047434 0.149505
0.338734 0.562531 0.038985 0.180729
0.587628 0.315261 0.031455 0.118809
-----------------------------------
0.799257 0.469586 0.046350 0.157811
0.687739 0.311175 0.035477 0.114226
0.589486 0.314511 0.031271 0.122498
0.339702 0.559828 0.036379 0.173505
-----------------------------------
0.799089 0.465157 0.047707 0.172209
0.689080 0.307069 0.033345 0.115254
0.337897 0.558323 0.039691 0.173370
0.591680 0.318611 0.034692 0.108835
-----------------------------------
0.798335 0.468055 0.049509 0.168628
0.688683 0.305487 0.033545 0.115329
0.592439 0.314067 0.034873 0.113754
-----------------------------------
0.797607 0.461892 0.050656 0.169326
0.688881 0.303057 0.033423 0.113309
0.592434 0.315004 0.035352 0.115323
-----------------------------------
0.795407 0.457816 0.053704 0.168242
0.688344 0.302507 0.034633 0.113751
0.593892 0.313764 0.034405 0.119405
0.340744 0.537926 0.039531 0.152445
-----------------------------------
0.793863 0.456173 0.053793 0.164126
0.687909 0.302143 0.035605 0.112802
0.594791 0.311618 0.034281 0.115711
0.348739 0.535184 0.039304 0.175544
-----------------------------------
0.791476 0.455632 0.052953 0.152572
0.687145 0.304303 0.033613 0.115517
0.597524 0.281469 0.032628 0.123529
0.349209 0.528988 0.038443 0.177345
-----------------------------------
0.792111 0.456473 0.049555 0.157710
0.686780 0.302192 0.032561 0.114927
0.596981 0.305997 0.036167 0.112293
0.337765 0.528499 0.037646 0.157648
-----------------------------------
0.789366 0.451822 0.046401 0.149542
0.687236 0.301096 0.035523 0.122299
0.598586 0.304810 0.037510 0.110031
0.349068 0.526256 0.038764 0.179758
-----------------------------------
0.786548 0.452519 0.046012 0.143632
0.599993 0.280861 0.038847 0.124758
0.687245 0.300941 0.038756 0.121241
0.340750 0.520670 0.033424 0.158668
-----------------------------------
0.780884 0.442162 0.043060 0.150880
0.686342 0.301439 0.036346 0.124351
0.601018 0.279707 0.039187 0.120053
0.348822 0.523538 0.037800 0.171779
-----------------------------------
0.779512 0.441110 0.041394 0.156207
0.686054 0.298895 0.035688 0.123003
0.601619 0.280085 0.040707 0.112467
0.339599 0.517836 0.030916 0.153529
-----------------------------------
0.778547 0.438673 0.039229 0.150944
0.684482 0.299190 0.038482 0.127338
0.602440 0.279279 0.042419 0.111207
0.339300 0.516243 0.029683 0.152618
-----------------------------------
0.776058 0.435446 0.039071 0.155047
0.684203 0.297761 0.036876 0.125482
0.603371 0.280416 0.041018 0.107648
-----------------------------------
0.773914 0.427523 0.036293 0.149583
0.684358 0.290566 0.040472 0.114898
0.604040 0.278953 0.037633 0.113284
-----------------------------------
0.772502 0.423016 0.037378 0.155429
0.682539 0.288614 0.041574 0.112872
0.606439 0.305226 0.038497 0.103078
0.338834 0.512132 0.031612 0.140733
-----------------------------------
0.773050 0.422097 0.038530 0.160735
0.682257 0.288382 0.041073 0.113579
0.608082 0.274560 0.038886 0.121030
0.336718 0.511939 0.035329 0.137247
-----------------------------------
0.771430 0.418623 0.043660 0.166765
0.684404 0.286357 0.038060 0.114269
0.608261 0.275661 0.039990 0.120825
0.337162 0.509393 0.037241 0.131051
-----------------------------------
0.684115 0.284718 0.036628 0.116833
0.770777 0.415747 0.040439 0.162999
0.609914 0.269872 0.040549 0.114699
0.335908 0.507602 0.036284 0.137397
-----------------------------------
0.684826 0.285186 0.034022 0.116200
0.337436 0.508146 0.036554 0.134630
0.609519 0.271794 0.039471 0.114406
0.771246 0.415491 0.040982 0.166298
-----------------------------------
0.685659 0.282260 0.032841 0.113859
0.765747 0.412587 0.044099 0.166430
0.610299 0.268661 0.037168 0.114607
-----------------------------------
0.684181 0.280564 0.034393 0.111900
0.764508 0.411286 0.043661 0.166185
0.610865 0.268880 0.037530 0.110929
0.330610 0.492581 0.032546 0.134062
-----------------------------------
0.683489 0.280448 0.033816 0.114781
0.762288 0.408260 0.046167 0.169700
0.329200 0.488827 0.034884 0.129964
0.611526 0.267040 0.033868 0.110379
-----------------------------------
0.685312 0.277327 0.030337 0.118403
0.328586 0.484022 0.035251 0.132924
0.759892 0.406573 0.042216 0.164214
0.612259 0.268338 0.030311 0.104760
-----------------------------------
0.684818 0.276954 0.029422 0.115915
0.761019 0.403975 0.041800 0.170685
0.330019 0.478624 0.035941 0.140498
-----------------------------------
0.684655 0.273692 0.027532 0.113422
0.761407 0.390222 0.041865 0.156012
0.330220 0.480768 0.035445 0.140531
-----------------------------------
0.686220 0.270324 0.026479 0.111745
0.760696 0.388916 0.043000 0.146814
0.331043 0.479211 0.036048 0.143114
-----------------------------------
0.685372 0.264901 0.026592 0.111292
0.758897 0.384093 0.043176 0.151508
0.329403 0.477235 0.033786 0.148646
-----------------------------------
0.685952 0.261328 0.023240 0.109750
0.757778 0.386178 0.043821 0.145232
0.328925 0.474941 0.036707 0.148016
0.618966 0.232028 0.028686 0.117322
-----------------------------------
0.756965 0.383891 0.044583 0.142215
0.684362 0.259705 0.025888 0.111906
0.328931 0.471380 0.038652 0.141230
0.619788 0.232162 0.026408 0.118138
0.570127 0.966998 0.020608 0.036995
-----------------------------------
0.753251 0.380984 0.046130 0.140767
0.684926 0.257043 0.024649 0.113192
0.330996 0.469685 0.038948 0.141992
0.619330 0.233181 0.028817 0.113860
-----------------------------------
0.750055 0.377385 0.047442 0.137412
0.686303 0.255814 0.024476 0.112614
0.330901 0.470416 0.038063 0.143692
0.619294 0.232797 0.027645 0.114254
0.687967 0.969340 0.018546 0.037866
-----------------------------------
0.745438 0.374448 0.046213 0.145677
0.685964 0.254559 0.025496 0.117892
0.331334 0.474684 0.037964 0.149007
0.620019 0.261984 0.025842 0.107655
0.689285 0.966126 0.018416 0.043722
-----------------------------------
0.742587 0.369738 0.048407 0.144903
0.686096 0.254154 0.024283 0.116407
0.331484 0.472435 0.034498 0.150098
0.620699 0.263908 0.026324 0.105835
-----------------------------------
0.737439 0.361726 0.045601 0.146799
0.331692 0.467284 0.036166 0.148780
0.683553 0.254687 0.027073 0.120406
0.621155 0.264240 0.027180 0.107870
0.579541 0.950398 0.022755 0.055059
-----------------------------------
0.735777 0.362934 0.047956 0.146077
0.331978 0.461050 0.037426 0.143823
0.681455 0.252139 0.028035 0.120981
0.623152 0.231719 0.029528 0.118957
-----------------------------------
0.734407 0.363318 0.046211 0.143441
0.333553 0.458900 0.037646 0.141292
0.676970 0.251760 0.029365 0.122414
0.623985 0.255749 0.029807 0.110261
-----------------------------------
0.732527 0.357486 0.044047 0.145877
0.332486 0.455644 0.036799 0.136312
0.674576 0.252886 0.029278 0.122899
0.584221 0.936787 0.057429 0.066189
0.626929 0.257212 0.031875 0.104397
-----------------------------------
0.583941 0.930130 0.057332 0.068815
0.331811 0.454311 0.034372 0.138855
0.671960 0.254140 0.025902 0.124419
0.729762 0.354304 0.048534 0.141949
0.626018 0.230802 0.029683 0.116652
0.678553 0.230733 0.029797 0.115699
0.688517 0.940144 0.061210 0.063286
-----------------------------------
0.728809 0.353876 0.048043 0.144671
0.586018 0.919699 0.054786 0.071024
0.627214 0.231120 0.030573 0.121467
0.671091 0.257301 0.026905 0.120439
0.696881 0.927973 0.060748 0.071308
0.331659 0.442646 0.034593 0.119755
-----------------------------------
0.727952 0.350419 0.046352 0.145258
0.584134 0.922183 0.060351 0.075900
0.670373 0.257378 0.026882 0.118479
0.696441 0.926340 0.056435 0.070602
0.330688 0.442543 0.035651 0.117542
0.630795 0.252355 0.029506 0.098232
-----------------------------------
0.669138 0.255769 0.028236 0.119389
0.722674 0.336261 0.041682 0.158118
0.629754 0.250874 0.027968 0.100164
0.586621 0.917569 0.060051 0.076952
0.689710 0.919213 0.067184 0.079617
0.329487 0.442351 0.034421 0.119594
-----------------------------------
0.720387 0.335658 0.043557 0.147925
0.586882 0.918390 0.059521 0.082928
0.629320 0.253494 0.027505 0.098058
0.331741 0.440009 0.033437 0.125383
0.666224 0.256598 0.026637 0.112593
0.695157 0.918050 0.053498 0.084355
-----------------------------------
0.719899 0.334977 0.041538 0.154444
0.332572 0.439825 0.034418 0.122634
0.587933 0.917344 0.057550 0.079107
0.632687 0.254405 0.028684 0.098079
0.668854 0.253672 0.031985 0.113856
0.689138 0.918278 0.060982 0.079934
-----------------------------------
0.715715 0.335652 0.043805 0.162048
0.589456 0.906564 0.060992 0.091128
0.332255 0.439384 0.033220 0.119502
0.631706 0.256284 0.031808 0.096284
0.689988 0.916109 0.058306 0.081297
0.671445 0.233018 0.034370 0.106107
-----------------------------------
0.713103 0.335554 0.046988 0.153900
0.592950 0.906584 0.060025 0.094689
0.331740 0.437912 0.036645 0.121968
0.635495 0.257688 0.030937 0.099260
0.671400 0.227280 0.036516 0.113526
-----------------------------------
0.636669 0.260288 0.034741 0.094424
0.706617 0.333236 0.046932 0.148422
0.590768 0.906266 0.058365 0.092779
0.332536 0.437414 0.033952 0.125356
-----------------------------------
0.704722 0.334252 0.043828 0.148195
0.590873 0.904914 0.060518 0.100585
0.332228 0.439157 0.032739 0.124356
0.696563 0.903397 0.050353 0.099848
0.671710 0.223596 0.040552 0.107374
-----------------------------------
0.700964 0.332424 0.043713 0.157048
0.586301 0.903175 0.063062 0.109775
0.331251 0.438044 0.029854 0.125170
0.686843 0.898145 0.050681 0.101058
0.636198 0.223032 0.032539 0.111370
-----------------------------------
0.698177 0.330001 0.040657 0.149927
0.584469 0.899912 0.064296 0.109789
0.687695 0.892224 0.049356 0.110625
0.328702 0.432696 0.032810 0.130084
0.636810 0.224720 0.031712 0.111572
-----------------------------------
0.695658 0.326479 0.041694 0.156485
0.583143 0.885204 0.062148 0.126640
0.327250 0.425368 0.032782 0.140919
0.637093 0.255616 0.032022 0.099440
0.686016 0.883090 0.050410 0.112402
-----------------------------------
0.586410 0.873509 0.066686 0.132127
0.328299 0.424222 0.034155 0.159754
0.694569 0.322936 0.039420 0.162748
0.688151 0.874952 0.052712 0.119809
0.638441 0.255481 0.031168 0.096724
-----------------------------------
0.586725 0.873570 0.063635 0.128307
0.686361 0.872252 0.051960 0.118499
0.326707 0.418486 0.032115 0.145698
0.694303 0.315398 0.042234 0.162196
0.634603 0.222679 0.029770 0.111148
0.638008 0.257832 0.030199 0.105173
-----------------------------------
0.588979 0.873169 0.069445 0.133842
0.689332 0.873492 0.052851 0.124353
0.686271 0.310106 0.049222 0.150776
0.324789 0.413233 0.030662 0.152302
0.631348 0.223945 0.029405 0.115001
-----------------------------------
0.323754 0.411840 0.030739 0.143346
0.591126 0.871327 0.071036 0.131490
0.683570 0.307266 0.046698 0.150139
0.689783 0.869479 0.053660 0.135165
0.628359 0.223320 0.029452 0.113711
0.633789 0.255845 0.028675 0.112583
-----------------------------------
0.322675 0.409975 0.029396 0.146484
0.629940 0.223510 0.030619 0.112152
0.589418 0.871450 0.064490 0.135073
0.681522 0.306851 0.046422 0.150443
0.689637 0.869725 0.049080 0.135836
-----------------------------------
0.325115 0.405921 0.033928 0.136303
0.590229 0.869468 0.063617 0.133640
0.632464 0.218420 0.032228 0.103200
0.680819 0.280304 0.044910 0.131270
0.689234 0.872525 0.048420 0.127625
-----------------------------------
0.325836 0.404932 0.035596 0.126804
0.631641 0.215012 0.029384 0.105215
0.680037 0.280537 0.040844 0.122913
0.591171 0.868389 0.062084 0.123637
0.694734 0.868101 0.042412 0.134517
-----------------------------------
0.676434 0.282111 0.041631 0.144026
0.326378 0.404435 0.034324 0.123434
0.636121 0.217396 0.029265 0.107515
0.593886 0.867324 0.061705 0.122988
0.695415 0.869612 0.043940 0.131201
-----------------------------------
0.672860 0.281641 0.043586 0.145758
0.326364 0.404874 0.035443 0.121861
0.695672 0.870073 0.046403 0.130673
0.636165 0.220339 0.032427 0.110813
0.596999 0.867019 0.061643 0.115376
-----------------------------------
0.673118 0.281209 0.044186 0.133879
0.325043 0.404315 0.035561 0.125195
0.697679 0.866843 0.052129 0.130061
0.599180 0.867437 0.060508 0.118025
0.638697 0.221934 0.033214 0.103699
-----------------------------------
0.668204 0.281467 0.047011 0.141314
0.699199 0.851338 0.051755 0.136094
0.324798 0.404691 0.035977 0.124504
0.600342 0.852386 0.061545 0.151595
-----------------------------------
0.665331 0.278242 0.046304 0.142579
0.702174 0.866549 0.053868 0.120911
0.602151 0.848575 0.050208 0.211058
0.605026 0.846015 0.110541 0.278907
0.323059 0.406378 0.035981 0.129369
-----------------------------------
0.662691 0.272985 0.051489 0.152155
0.704964 0.850950 0.051479 0.152042
0.599663 0.844415 0.051804 0.220840
0.604741 0.842720 0.109056 0.295498
0.323237 0.406598 0.036172 0.127468
-----------------------------------
0.661199 0.273834 0.049484 0.159144
0.707649 0.847062 0.056787 0.164860
0.603037 0.837677 0.109614 0.302730
0.598638 0.839560 0.049141 0.243845
0.321084 0.405374 0.036016 0.128512
-----------------------------------
0.706598 0.838808 0.051362 0.175775
0.660497 0.262215 0.049324 0.163289
0.602185 0.831916 0.061151 0.157881
0.603372 0.826998 0.111603 0.291979
0.320457 0.406064 0.035833 0.128197
-----------------------------------
0.710134 0.832848 0.053634 0.202466
0.662355 0.258479 0.049597 0.151630
0.603329 0.816558 0.109592 0.310381
0.604365 0.824261 0.058838 0.160556
0.321685 0.386824 0.034243 0.123403
-----------------------------------
0.711065 0.831307 0.056434 0.194017
0.605377 0.828334 0.058824 0.166578
0.602446 0.817950 0.111925 0.310711
0.662078 0.255945 0.045958 0.148305
0.673407 0.226188 0.046625 0.130887
0.321510 0.388706 0.031601 0.126474
-----------------------------------
0.709965 0.827418 0.056052 0.190196
0.607372 0.825761 0.058077 0.170114
0.604909 0.812550 0.108270 0.311632
0.322395 0.387179 0.032278 0.125690
-----------------------------------
0.714804 0.828570 0.055796 0.199083
0.607851 0.824446 0.056574 0.174291
0.322229 0.387162 0.034869 0.129436
0.605495 0.810583 0.106310 0.320089
-----------------------------------
0.715775 0.827900 0.054393 0.184613
0.607596 0.822139 0.053472 0.166761
0.321407 0.379894 0.035533 0.126044
0.642098 0.222948 0.036211 0.164508
0.605033 0.812810 0.105564 0.317043
-----------------------------------
0.715535 0.820233 0.057478 0.188237
0.608410 0.817045 0.052726 0.165477
0.317144 0.374617 0.036692 0.126821
0.606360 0.808774 0.102752 0.330595
-----------------------------------
0.715999 0.816158 0.053202 0.195085
0.608956 0.813229 0.053791 0.166751
0.317525 0.366341 0.034937 0.132114
0.605076 0.804179 0.102987 0.336205
0.679063 0.204705 0.044622 0.123174
-----------------------------------
0.716103 0.815509 0.052829 0.182884
0.610259 0.813581 0.052880 0.183443
0.316983 0.362464 0.033499 0.141455
0.632428 0.254561 0.037306 0.149481
0.681258 0.201729 0.041011 0.129786
0.605193 0.803537 0.101311 0.343214
-----------------------------------
0.715011 0.814014 0.052249 0.183489
0.318033 0.364619 0.033893 0.133561
0.610211 0.813026 0.054909 0.190189
0.605260 0.801805 0.101909 0.357829
0.681088 0.199797 0.043485 0.134151
-----------------------------------
0.714469 0.811457 0.050778 0.182572
0.317877 0.364954 0.033556 0.124596
0.607408 0.793678 0.050679 0.151027
0.681402 0.199255 0.041555 0.132819
0.606298 0.797064 0.100299 0.361128
-----------------------------------
0.713886 0.799721 0.051460 0.209678
0.316099 0.364950 0.032117 0.120877
0.607545 0.800046 0.102009 0.377064
0.609574 0.793970 0.051745 0.162172
0.625112 0.254659 0.038598 0.136636
0.681816 0.200186 0.036856 0.131470
-----------------------------------
0.717907 0.797544 0.051404 0.210978
0.610155 0.789396 0.052002 0.193134
0.316373 0.361483 0.034456 0.127851
0.681577 0.179904 0.040135 0.103008
0.623975 0.255318 0.037497 0.136652
-----------------------------------
0.718773 0.793602 0.053600 0.205493
0.611145 0.787379 0.054731 0.193460
0.684500 0.176943 0.036431 0.105253
0.316872 0.363002 0.031687 0.126088
0.624182 0.231294 0.038682 0.117743
-----------------------------------
0.717562 0.786430 0.056185 0.210360
0.611456 0.778606 0.058153 0.202417
0.684432 0.178035 0.036062 0.106535
0.316278 0.361738 0.033465 0.124378
0.622552 0.227849 0.039426 0.114551
0.607360 0.777787 0.097683 0.414521
-----------------------------------
0.719130 0.781519 0.052417 0.205036
0.612027 0.771365 0.055711 0.200850
0.685032 0.178365 0.034422 0.106964
0.621637 0.219739 0.042017 0.115951
0.314925 0.360253 0.031451 0.129737
-----------------------------------
0.716975 0.777393 0.053453 0.210864
0.612540 0.768367 0.055882 0.196748
0.312762 0.355075 0.032833 0.133134
0.685615 0.178226 0.033257 0.108782
0.610368 0.230657 0.036175 0.124300
0.624402 0.213909 0.044580 0.118068
-----------------------------------
0.717736 0.770974 0.054287 0.201917
0.607041 0.228460 0.038387 0.130223
0.612950 0.763369 0.055360 0.202625
0.313587 0.354605 0.032552 0.131414
0.684598 0.176658 0.033111 0.106131
-----------------------------------
0.718495 0.766348 0.052154 0.192148
0.606834 0.227907 0.041785 0.133344
0.684423 0.177325 0.030219 0.107982
0.612416 0.764859 0.056565 0.198282
-----------------------------------
0.719655 0.763893 0.049006 0.179568
0.602680 0.222173 0.038010 0.120397
0.684774 0.176598 0.032255 0.105870
0.696702 0.171762 0.033019 0.108196
0.612225 0.763074 0.055635 0.197176
-----------------------------------
