-----------------------------------
0.110047 0.172156 0.224222 0.220054
0.109381 0.170154 0.105986 0.158550
-----------------------------------
0.110250 0.174931 0.222661 0.215886
0.108412 0.172333 0.104370 0.160812
-----------------------------------
0.110377 0.173228 0.224048 0.218951
0.109444 0.171026 0.106431 0.158282
-----------------------------------
0.110527 0.174971 0.221804 0.215638
0.108882 0.172187 0.104908 0.159475
-----------------------------------
0.110355 0.173484 0.224825 0.217837
0.109475 0.171082 0.106997 0.158194
-----------------------------------
0.110929 0.174574 0.221644 0.218613
0.109067 0.171338 0.105426 0.159977
-----------------------------------
0.110106 0.172499 0.222551 0.221636
0.109502 0.169802 0.105573 0.157989
-----------------------------------
0.110827 0.174392 0.222077 0.218680
0.109507 0.171483 0.106776 0.158634
-----------------------------------
0.109979 0.172631 0.222338 0.222490
0.109379 0.170179 0.105678 0.158287
-----------------------------------
0.110596 0.174043 0.223354 0.219606
0.109229 0.171022 0.106520 0.159086
-----------------------------------
0.109722 0.171972 0.222013 0.222643
0.109433 0.170217 0.105359 0.157696
-----------------------------------
0.110524 0.173274 0.223208 0.222297
0.109499 0.170598 0.107063 0.159290
-----------------------------------
0.109725 0.171714 0.221737 0.221850
0.109657 0.169814 0.104803 0.156370
-----------------------------------
0.110259 0.173209 0.222962 0.218960
0.109356 0.171106 0.106079 0.156295
-----------------------------------
0.110820 0.173409 0.221477 0.221952
0.109596 0.170169 0.104005 0.154023
-----------------------------------
0.113648 0.171978 0.217545 0.225121
0.110289 0.167017 0.102716 0.152200
-----------------------------------
0.113807 0.170945 0.216154 0.225856
0.109739 0.166624 0.102880 0.150733
-----------------------------------
0.113893 0.168589 0.214580 0.223959
0.109104 0.165386 0.106282 0.151754
-----------------------------------
0.111117 0.171326 0.213967 0.214160
0.108419 0.168066 0.103417 0.150391
-----------------------------------
0.108667 0.169657 0.215064 0.214472
0.107500 0.167135 0.104804 0.150427
0.024900 0.167485 0.027772 0.134251
-----------------------------------
0.107321 0.168757 0.212309 0.209969
0.106053 0.165923 0.103784 0.149159
0.026730 0.170924 0.028618 0.127644
-----------------------------------
0.111040 0.165450 0.210050 0.219217
0.105760 0.165594 0.102994 0.154200
0.031488 0.170684 0.029478 0.126525
-----------------------------------
0.111470 0.165143 0.215419 0.220857
0.104365 0.164450 0.105613 0.161162
-----------------------------------
0.110235 0.166675 0.218412 0.218418
0.103549 0.165930 0.103027 0.163052
-----------------------------------
0.113495 0.166165 0.220147 0.225022
0.105409 0.165403 0.104334 0.166382
-----------------------------------
0.115710 0.168051 0.212050 0.230409
0.124230 0.159955 0.097161 0.159697
-----------------------------------
0.114084 0.165354 0.218810 0.224829
0.123234 0.158071 0.098279 0.158553
-----------------------------------
0.112149 0.166269 0.215367 0.224683
0.106669 0.163317 0.096424 0.178646
-----------------------------------
0.110944 0.166864 0.216092 0.228930
0.107037 0.164495 0.092356 0.176325
-----------------------------------
0.110027 0.166192 0.220086 0.222968
0.105803 0.161861 0.086700 0.170338
-----------------------------------
0.110034 0.164839 0.220075 0.220399
-----------------------------------
0.110287 0.169223 0.218510 0.216870
0.105808 0.161624 0.085325 0.171321
-----------------------------------
0.110999 0.165312 0.214027 0.220161
0.104986 0.161495 0.085494 0.167980
-----------------------------------
0.111310 0.165245 0.217899 0.219470
0.107714 0.163360 0.089209 0.160591
-----------------------------------
0.107970 0.165736 0.217734 0.207582
0.105275 0.163987 0.086086 0.155692
-----------------------------------
0.107206 0.163365 0.220845 0.224071
-----------------------------------
0.110246 0.165468 0.214337 0.225325
0.103957 0.161584 0.091987 0.165834
-----------------------------------
0.110555 0.167126 0.208502 0.231004
0.102298 0.162342 0.088218 0.168571
-----------------------------------
0.111931 0.166368 0.214005 0.226388
0.104883 0.160613 0.090822 0.173567
-----------------------------------
0.110376 0.172359 0.221906 0.215635
0.102992 0.163398 0.091147 0.176437
-----------------------------------
0.109765 0.170968 0.220763 0.204385
0.103465 0.160627 0.091451 0.183469
0.021980 0.362649 0.027372 0.164656
-----------------------------------
0.110451 0.168519 0.213296 0.211505
0.104531 0.159963 0.094114 0.185304
0.027824 0.363998 0.035284 0.158190
-----------------------------------
0.104221 0.162368 0.211258 0.216215
0.106117 0.156681 0.097268 0.186084
0.029345 0.360399 0.036650 0.127289
-----------------------------------
0.105541 0.164913 0.207245 0.210291
0.104674 0.159561 0.096368 0.179409
0.031361 0.365266 0.042112 0.115461
-----------------------------------
0.106704 0.169146 0.210153 0.203063
0.106314 0.162861 0.098095 0.173444
0.040848 0.355621 0.045841 0.168973
-----------------------------------
0.105271 0.167277 0.208841 0.192610
0.103133 0.162454 0.095812 0.166771
0.045551 0.360509 0.046288 0.177275
0.170305 0.158210 0.048376 0.110417
-----------------------------------
0.105788 0.166706 0.207632 0.199865
0.105282 0.163500 0.094825 0.174515
0.048025 0.366537 0.047669 0.193218
-----------------------------------
0.101832 0.161696 0.093635 0.170313
0.101991 0.166711 0.202817 0.194794
0.056527 0.360054 0.045793 0.183817
0.173314 0.156354 0.048383 0.105898
-----------------------------------
0.099145 0.161008 0.094925 0.170158
0.100114 0.162586 0.196283 0.192984
0.065004 0.355602 0.047010 0.176683
-----------------------------------
0.100184 0.160227 0.096138 0.177908
-----------------------------------
0.100294 0.162751 0.091844 0.175971
0.103487 0.162520 0.195185 0.202235
0.086977 0.354148 0.032860 0.174721
0.202358 0.153128 0.033717 0.127322
-----------------------------------
0.104307 0.161561 0.095600 0.173162
0.107463 0.160454 0.204735 0.204203
0.092519 0.355932 0.029839 0.205992
0.204128 0.151249 0.035041 0.127028
-----------------------------------
0.100262 0.158650 0.088619 0.171730
0.100989 0.157321 0.199148 0.198310
0.208439 0.152306 0.034565 0.133364
0.102440 0.355337 0.038674 0.187170
-----------------------------------
0.104323 0.163817 0.093051 0.170540
0.105094 0.157070 0.198903 0.197797
0.215807 0.149592 0.034674 0.136023
0.107752 0.354701 0.042559 0.196007
-----------------------------------
0.101906 0.162524 0.097276 0.164294
0.102559 0.155145 0.205174 0.178969
0.222054 0.149837 0.036880 0.138121
0.121875 0.357474 0.140164 0.362706
-----------------------------------
0.099615 0.161537 0.100964 0.161009
0.223238 0.149255 0.041033 0.135310
0.126864 0.355615 0.138770 0.369620
0.124883 0.355407 0.057643 0.271926
-----------------------------------
0.101902 0.158189 0.102241 0.158712
0.096509 0.149611 0.200813 0.194297
0.224360 0.152758 0.044617 0.140107
0.132346 0.355050 0.131837 0.372396
0.130185 0.354528 0.062695 0.260083
-----------------------------------
0.105322 0.160320 0.104256 0.161736
0.100949 0.153740 0.202309 0.197654
0.135322 0.356466 0.123827 0.377599
0.225954 0.156758 0.046737 0.131022
0.139706 0.352796 0.053918 0.169731
-----------------------------------
0.106215 0.157445 0.103041 0.160433
0.105835 0.151467 0.218270 0.200168
0.239637 0.148208 0.054610 0.129221
0.147216 0.354614 0.045528 0.187366
-----------------------------------
0.106087 0.161179 0.104565 0.165491
0.102256 0.156219 0.215863 0.207015
0.245518 0.146781 0.057434 0.134280
-----------------------------------
0.102898 0.158469 0.213944 0.214871
0.106463 0.161249 0.102764 0.165513
0.247494 0.149609 0.058116 0.137579
-----------------------------------
0.101894 0.159140 0.213220 0.218793
0.106217 0.159143 0.100470 0.165150
0.250717 0.149201 0.051637 0.137049
-----------------------------------
0.101960 0.160580 0.209985 0.221291
0.107715 0.160438 0.098571 0.164448
0.253890 0.150886 0.045927 0.140915
-----------------------------------
0.106327 0.161010 0.101385 0.161616
0.100343 0.160364 0.216738 0.219740
0.177262 0.335805 0.042783 0.157908
0.256306 0.150382 0.044579 0.140029
-----------------------------------
0.107563 0.164767 0.102876 0.165381
0.104069 0.165512 0.222926 0.228159
0.260277 0.149543 0.038312 0.139760
-----------------------------------
0.104244 0.165008 0.104150 0.163169
0.095410 0.162444 0.216509 0.230482
0.274075 0.150423 0.030585 0.123132
-----------------------------------
0.105840 0.165747 0.105340 0.162282
0.097487 0.163737 0.220735 0.221440
0.205089 0.317121 0.102786 0.444772
0.276755 0.148608 0.038340 0.132831
-----------------------------------
0.107375 0.166028 0.107902 0.155743
0.102699 0.162994 0.237631 0.218875
0.215063 0.333552 0.100522 0.394831
-----------------------------------
0.106373 0.166005 0.107790 0.158245
0.099505 0.164137 0.225978 0.222643
0.218028 0.331045 0.104799 0.400086
0.291583 0.148962 0.030867 0.120746
0.214825 0.352081 0.056781 0.256735
-----------------------------------
0.105675 0.164828 0.106474 0.157912
0.098588 0.162810 0.221367 0.223743
0.221510 0.354203 0.105989 0.349064
0.298413 0.150903 0.031140 0.127883
0.219170 0.355507 0.050398 0.255883
-----------------------------------
0.100485 0.162280 0.223257 0.222738
0.106445 0.165267 0.104310 0.157417
0.225376 0.334594 0.092943 0.394301
-----------------------------------
0.105812 0.163671 0.231087 0.218819
0.108760 0.165804 0.105043 0.154921
-----------------------------------
0.106240 0.167695 0.227087 0.224110
0.108803 0.166800 0.104872 0.154907
0.243092 0.333833 0.036133 0.178211
0.315765 0.150860 0.048577 0.130094
-----------------------------------
0.108931 0.170484 0.227663 0.225026
0.109638 0.168264 0.106359 0.156461
0.249963 0.330437 0.041136 0.178424
0.321974 0.148137 0.044396 0.130168
-----------------------------------
0.108425 0.168686 0.226131 0.221495
0.109352 0.166937 0.104902 0.155902
0.257707 0.330588 0.044182 0.151673
-----------------------------------
0.109417 0.167707 0.225649 0.223016
0.109711 0.166657 0.102864 0.156304
0.263076 0.335287 0.040939 0.148325
-----------------------------------
0.109382 0.169540 0.225146 0.225131
0.109940 0.167572 0.103517 0.157480
0.271780 0.329714 0.036593 0.145495
-----------------------------------
0.111328 0.170621 0.229013 0.226630
0.109993 0.167846 0.104503 0.157327
0.277589 0.334573 0.035992 0.154979
-----------------------------------
0.112817 0.169451 0.226720 0.226479
0.110041 0.167741 0.104393 0.154467
0.287664 0.336342 0.039362 0.162616
-----------------------------------
0.112320 0.169908 0.226361 0.224776
0.109960 0.167964 0.104559 0.153925
0.292477 0.335364 0.112653 0.380351
-----------------------------------
0.110714 0.167804 0.226367 0.225397
0.109848 0.166586 0.105508 0.154544
0.357301 0.150448 0.023420 0.131816
0.297712 0.332983 0.117368 0.377099
-----------------------------------
0.112141 0.168116 0.224996 0.228870
0.110396 0.166453 0.105499 0.156874
0.366930 0.151441 0.029295 0.127998
-----------------------------------
0.111486 0.168746 0.222863 0.223724
0.110216 0.168363 0.106485 0.157058
0.376831 0.147351 0.031143 0.122132
0.314719 0.329382 0.115838 0.368069
-----------------------------------
0.110859 0.169525 0.221202 0.221514
0.110206 0.168660 0.106346 0.156388
0.378157 0.128010 0.038231 0.118273
0.317804 0.352772 0.114008 0.361678
-----------------------------------
0.111246 0.170141 0.221381 0.223011
0.110403 0.168244 0.105854 0.156140
0.328718 0.333931 0.040928 0.173516
0.326720 0.331594 0.112588 0.362240
-----------------------------------
0.111636 0.169418 0.221227 0.222179
0.110378 0.167671 0.105395 0.155537
0.338197 0.333328 0.039503 0.166567
0.396848 0.128929 0.044821 0.116532
-----------------------------------
0.111775 0.169740 0.221078 0.221245
0.110272 0.167650 0.105000 0.155142
0.342560 0.328814 0.035623 0.162652
0.403795 0.130665 0.041323 0.108404
-----------------------------------
0.112513 0.170175 0.220921 0.224078
0.110120 0.167863 0.106055 0.155719
0.349933 0.323674 0.034488 0.159627
-----------------------------------
0.112256 0.170888 0.223724 0.223060
0.109877 0.167943 0.105409 0.155988
0.357110 0.326434 0.035310 0.170150
0.410508 0.131094 0.045852 0.114097
-----------------------------------
0.112765 0.170184 0.221937 0.222854
0.110055 0.167975 0.105245 0.156162
0.367177 0.333386 0.038082 0.168724
-----------------------------------
0.112850 0.169547 0.220818 0.222759
0.110140 0.167498 0.104967 0.156803
0.968316 0.424748 0.034600 0.107025
0.373603 0.333698 0.043490 0.176330
-----------------------------------
0.112373 0.169334 0.221642 0.219882
0.110276 0.166959 0.104719 0.156089
0.955367 0.422003 0.064815 0.112930
0.378616 0.337293 0.044402 0.166087
-----------------------------------
0.111052 0.168826 0.224064 0.216543
0.110105 0.167585 0.104646 0.155476
0.948573 0.428995 0.065634 0.103724
0.970866 0.328524 0.028269 0.153498
0.391061 0.327742 0.051049 0.258758
0.391433 0.321147 0.112479 0.352974
-----------------------------------
0.110940 0.169601 0.225934 0.216939
0.110034 0.168032 0.105018 0.155446
0.935586 0.429274 0.057346 0.178827
0.938692 0.395157 0.113903 0.284045
0.395447 0.317359 0.121145 0.371396
0.396440 0.326709 0.057315 0.272148
0.956261 0.331205 0.055672 0.162105
-----------------------------------
0.110841 0.169206 0.226082 0.216929
0.110132 0.168015 0.105179 0.155102
0.932988 0.388568 0.126091 0.285363
0.400709 0.320375 0.118269 0.366136
0.400006 0.329953 0.056106 0.270337
0.948303 0.332784 0.059275 0.143196
-----------------------------------
0.110800 0.170024 0.224309 0.216481
0.110008 0.168291 0.105323 0.155240
0.918647 0.467881 0.069814 0.124261
0.406706 0.322004 0.127492 0.365114
0.405534 0.330461 0.059115 0.294736
0.928392 0.336205 0.049544 0.214359
0.928420 0.337402 0.105661 0.305037
-----------------------------------
0.110777 0.170627 0.224612 0.216251
0.110059 0.168354 0.105259 0.155278
0.899814 0.469961 0.069672 0.110782
0.902422 0.458795 0.190873 0.183413
0.418569 0.318522 0.118883 0.376012
0.413376 0.328697 0.047773 0.193067
0.905438 0.362447 0.060865 0.251556
-----------------------------------
0.110586 0.169740 0.224722 0.216414
0.110063 0.168162 0.105204 0.155235
0.889647 0.458629 0.202766 0.187419
0.888046 0.474776 0.078344 0.127125
0.884457 0.388798 0.133566 0.275265
0.425322 0.324688 0.044621 0.182551
0.894146 0.364458 0.057837 0.248942
-----------------------------------
0.110926 0.170260 0.224730 0.215605
0.109655 0.168616 0.103962 0.152476
0.863267 0.472772 0.072022 0.115611
0.857022 0.457785 0.195676 0.181392
0.427008 0.320485 0.039245 0.169508
0.869493 0.365409 0.056303 0.250939
0.866921 0.380242 0.133493 0.295386
-----------------------------------
0.110653 0.170136 0.223154 0.219707
0.109810 0.168016 0.104871 0.155757
0.841836 0.472194 0.070711 0.122504
0.841064 0.459573 0.178112 0.175688
0.436472 0.316964 0.034672 0.157484
-----------------------------------
0.109353 0.171120 0.221235 0.217181
0.109349 0.169215 0.104714 0.153003
0.821692 0.477933 0.072504 0.115857
0.823336 0.458342 0.194771 0.175050
0.820215 0.392831 0.123705 0.277654
0.444099 0.311048 0.034087 0.154510
0.831030 0.372140 0.053404 0.236931
-----------------------------------
0.108988 0.170691 0.222655 0.222226
0.109445 0.168747 0.105603 0.156136
0.814373 0.466049 0.198571 0.194274
0.810876 0.486035 0.074231 0.139313
0.452852 0.319966 0.032327 0.163258
0.808911 0.381638 0.120138 0.303557
0.814798 0.370453 0.053789 0.228274
-----------------------------------
0.108807 0.171533 0.220509 0.223910
0.109031 0.168897 0.104208 0.153850
0.784159 0.479993 0.077329 0.131811
0.778200 0.464547 0.189480 0.208840
0.457753 0.321521 0.029951 0.165869
0.787736 0.371867 0.122118 0.327064
0.791136 0.369381 0.053433 0.251459
-----------------------------------
0.109463 0.171512 0.219158 0.224586
0.109369 0.168786 0.104931 0.157028
0.763493 0.475623 0.074280 0.140736
0.760917 0.467453 0.192472 0.169912
0.464833 0.318424 0.044755 0.176106
0.758884 0.368111 0.055356 0.244934
0.757370 0.392422 0.123742 0.290220
-----------------------------------
0.778574 0.323589 0.021522 0.054236
0.110678 0.171106 0.216768 0.223488
0.109593 0.167774 0.101284 0.154605
0.738177 0.484816 0.073701 0.144875
0.744036 0.469713 0.201012 0.184462
0.473844 0.323062 0.046463 0.188465
0.751978 0.370513 0.050538 0.245621
0.740682 0.369962 0.119263 0.332901
0.475504 0.316690 0.100691 0.386281
-----------------------------------
0.113239 0.173821 0.214235 0.232731
0.109761 0.169066 0.101294 0.159045
0.717076 0.466483 0.197696 0.190222
0.721175 0.478422 0.084254 0.143142
0.722193 0.368003 0.117343 0.336408
0.483490 0.314548 0.112715 0.366439
0.483049 0.324514 0.048968 0.169352
0.722695 0.369769 0.050178 0.262188
-----------------------------------
0.113163 0.171702 0.215323 0.230616
0.109388 0.166659 0.103386 0.157802
0.698624 0.481738 0.076436 0.143528
0.698660 0.469837 0.182330 0.194682
0.701784 0.366115 0.110421 0.372075
0.486245 0.315033 0.118227 0.363768
0.707515 0.375378 0.051257 0.245700
0.487383 0.317054 0.053476 0.275178
-----------------------------------
0.114649 0.171709 0.214226 0.227567
0.109473 0.165035 0.100785 0.155493
0.675021 0.483653 0.081408 0.146142
0.676984 0.472164 0.215854 0.174233
0.487891 0.311878 0.125088 0.361364
0.679691 0.381018 0.054289 0.217984
0.488591 0.324059 0.051559 0.162571
0.675841 0.390015 0.127545 0.305269
-----------------------------------
0.112643 0.169064 0.212842 0.233609
0.109618 0.164477 0.103612 0.155106
0.653570 0.479697 0.200573 0.185458
0.648171 0.483565 0.088008 0.149549
0.653085 0.380493 0.121305 0.326610
0.664988 0.382761 0.056247 0.203479
0.494868 0.311004 0.127892 0.331980
0.496015 0.313798 0.053061 0.165844
0.019166 0.305000 0.026047 0.111972
-----------------------------------
0.108413 0.170456 0.218288 0.226149
0.108843 0.165662 0.105557 0.157561
0.630431 0.482940 0.085601 0.157368
0.625661 0.477044 0.197249 0.189364
0.637874 0.370991 0.119131 0.335238
0.640172 0.377199 0.053611 0.226896
0.510564 0.323337 0.041552 0.173704
0.024352 0.304721 0.028024 0.109799
-----------------------------------
0.108811 0.163825 0.216843 0.219869
0.109587 0.160958 0.108921 0.157353
0.606546 0.475285 0.239002 0.194808
0.605995 0.483758 0.091109 0.157561
0.516754 0.319295 0.036324 0.175260
0.028899 0.305918 0.034804 0.112599
0.622862 0.375768 0.124903 0.326114
-----------------------------------
0.111212 0.164638 0.213667 0.218566
0.110441 0.162914 0.107465 0.153449
0.587792 0.477115 0.195628 0.199007
0.583226 0.481607 0.086617 0.160785
0.521925 0.314998 0.038569 0.174161
0.030973 0.304446 0.041088 0.106654
0.593152 0.373836 0.060262 0.237110
-----------------------------------
0.112655 0.165715 0.211770 0.218592
0.109649 0.163116 0.106199 0.154387
0.564612 0.477800 0.210534 0.192622
0.569614 0.482499 0.087453 0.164469
0.031489 0.305900 0.040503 0.105616
0.527986 0.313236 0.036955 0.172646
-----------------------------------
0.115664 0.160481 0.208445 0.203885
0.108400 0.160784 0.100914 0.154213
0.542231 0.480812 0.188937 0.181761
0.544868 0.484852 0.082254 0.150867
0.040708 0.306141 0.048075 0.135635
0.546709 0.118887 0.033766 0.108447
-----------------------------------
0.114423 0.162320 0.203952 0.207792
0.108325 0.162202 0.100474 0.156209
0.530903 0.487932 0.223107 0.165102
0.525443 0.484970 0.087793 0.171225
0.041844 0.304075 0.047168 0.137905
0.529120 0.363718 0.046250 0.272633
0.550957 0.120699 0.035986 0.116073
0.525416 0.372196 0.124166 0.338454
-----------------------------------
0.114610 0.164748 0.204986 0.192446
0.107093 0.163498 0.101075 0.156177
0.512291 0.485888 0.206388 0.188072
0.503460 0.487801 0.074507 0.166730
0.028448 0.283920 0.035276 0.112402
0.518809 0.365578 0.049277 0.268130
0.046070 0.303068 0.043770 0.130160
-----------------------------------
0.115072 0.165996 0.201591 0.195486
0.107307 0.162812 0.098503 0.159638
0.489090 0.484180 0.240262 0.187930
0.492240 0.482789 0.088339 0.170793
0.498589 0.370762 0.138149 0.349561
0.028781 0.280379 0.033995 0.115937
0.514352 0.365043 0.059280 0.238990
-----------------------------------
0.113629 0.166435 0.202217 0.206521
0.107545 0.161450 0.097848 0.155195
0.466567 0.486023 0.221693 0.205968
0.466783 0.504785 0.103313 0.132272
0.559862 0.317118 0.049388 0.160324
0.022981 0.278856 0.028322 0.128675
0.048860 0.281778 0.034922 0.127368
-----------------------------------
0.116306 0.165390 0.205534 0.194957
0.107838 0.162916 0.097515 0.162353
0.449685 0.488185 0.231459 0.180771
0.446586 0.482546 0.086782 0.167134
0.449354 0.378523 0.115922 0.331032
0.022948 0.277303 0.031034 0.124935
0.052079 0.283317 0.033690 0.131999
0.448949 0.387925 0.054154 0.207941
0.563440 0.323748 0.055865 0.164376
0.574595 0.301462 0.130671 0.343098
-----------------------------------
0.111992 0.161936 0.216138 0.177571
0.106907 0.163470 0.096311 0.164442
0.429794 0.492643 0.221323 0.174912
0.420356 0.506948 0.108820 0.107015
0.428571 0.386216 0.113601 0.338442
0.058668 0.280505 0.038391 0.135225
0.570474 0.326853 0.053816 0.173682
0.025061 0.270493 0.029184 0.126704
0.435264 0.388595 0.058318 0.205603
-----------------------------------
0.114490 0.156909 0.223158 0.174418
0.107028 0.160088 0.098713 0.173770
0.392228 0.511531 0.219593 0.181603
0.397230 0.509406 0.110675 0.109914
0.400409 0.399275 0.124691 0.347143
0.580648 0.314889 0.044310 0.174618
0.050867 0.281545 0.041540 0.144809
0.395735 0.412640 0.062530 0.264908
0.030016 0.271460 0.031928 0.115118
-----------------------------------
0.113113 0.162334 0.218432 0.181926
0.106754 0.165519 0.097277 0.173432
0.378245 0.508042 0.112721 0.121691
0.378784 0.505431 0.227174 0.178608
0.377277 0.394407 0.111751 0.368768
0.586949 0.321349 0.040747 0.168858
0.050882 0.275489 0.042705 0.147537
0.370956 0.390168 0.057825 0.223862
-----------------------------------
0.115295 0.161718 0.223989 0.179773
0.106629 0.163287 0.097999 0.173908
0.359085 0.508135 0.214568 0.174472
0.349237 0.507812 0.106459 0.128443
0.353927 0.387686 0.111963 0.354432
0.594026 0.307113 0.041078 0.165621
0.049822 0.273912 0.035742 0.143151
0.359392 0.391757 0.060348 0.199064
0.087484 0.304730 0.029901 0.109494
-----------------------------------
0.115651 0.156116 0.234499 0.167581
0.326398 0.500405 0.209467 0.182286
0.335741 0.507354 0.111596 0.130116
0.336821 0.380003 0.115187 0.354431
0.603836 0.305382 0.035160 0.167840
0.053897 0.275986 0.034692 0.140021
0.337349 0.387699 0.054844 0.220298
0.090838 0.305960 0.035750 0.115417
-----------------------------------
0.113585 0.155609 0.240337 0.162430
0.107009 0.165170 0.102887 0.166164
0.310980 0.517418 0.194276 0.194069
0.311539 0.514499 0.095463 0.126543
0.607950 0.286243 0.038850 0.182246
0.317183 0.391392 0.124801 0.346470
0.056344 0.272416 0.036141 0.139161
0.092325 0.307928 0.048360 0.113207
0.319593 0.386899 0.059753 0.197347
-----------------------------------
0.112724 0.154050 0.228357 0.173649
0.291058 0.512635 0.086499 0.139045
0.291015 0.501683 0.185511 0.197777
0.291430 0.401481 0.110142 0.343230
0.285053 0.411586 0.059472 0.278816
0.612659 0.282325 0.045856 0.186008
0.100674 0.309988 0.049016 0.108357
0.057336 0.270595 0.029260 0.126408
-----------------------------------
0.115517 0.152530 0.230905 0.162643
0.265024 0.506211 0.195328 0.185800
0.266655 0.511659 0.104518 0.124000
0.262253 0.402526 0.105685 0.339014
0.620097 0.304042 0.038455 0.152986
0.105034 0.310492 0.052688 0.105224
-----------------------------------
0.112112 0.159619 0.227644 0.173167
0.246056 0.516329 0.101805 0.121948
0.239223 0.519541 0.204655 0.175220
0.247636 0.391298 0.115877 0.349279
0.625523 0.306511 0.040429 0.154589
0.244256 0.411066 0.057654 0.261572
-----------------------------------
0.109942 0.166261 0.222265 0.173826
0.224394 0.516401 0.095013 0.135373
0.223036 0.509021 0.208733 0.205117
0.630069 0.303885 0.048399 0.167362
0.220454 0.395434 0.127919 0.349856
0.219785 0.411634 0.064918 0.260526
0.088068 0.272741 0.038248 0.133040
-----------------------------------
0.109258 0.166464 0.215569 0.179349
0.202477 0.512124 0.190552 0.195660
0.196716 0.522043 0.093988 0.132195
0.203229 0.396553 0.111571 0.396886
0.640396 0.287363 0.112532 0.383837
0.088359 0.266872 0.035243 0.130625
0.205835 0.413807 0.051611 0.273791
0.131065 0.284011 0.038278 0.106112
0.642158 0.301976 0.056275 0.167439
-----------------------------------
0.177980 0.522168 0.101242 0.130382
0.170490 0.523339 0.189721 0.173007
0.181705 0.379227 0.102483 0.423900
0.651767 0.290920 0.127562 0.362105
0.091200 0.262654 0.039379 0.131733
0.647518 0.304964 0.053866 0.284460
0.128572 0.275771 0.037894 0.106470
0.178320 0.408896 0.056592 0.247761
-----------------------------------
0.110019 0.174000 0.230155 0.187424
0.150224 0.520613 0.200057 0.203490
0.149456 0.519702 0.100225 0.138653
0.656284 0.282817 0.128411 0.382622
0.094372 0.260948 0.038446 0.134478
0.134921 0.271591 0.035429 0.103906
0.164792 0.381667 0.110380 0.401262
0.660868 0.281534 0.066773 0.273874
-----------------------------------
0.136535 0.520770 0.199887 0.201202
0.130630 0.521182 0.094977 0.147737
0.659444 0.281725 0.121400 0.395459
0.092110 0.257687 0.034670 0.136136
0.666375 0.303709 0.057945 0.248348
0.131276 0.387179 0.138592 0.366025
-----------------------------------
0.116277 0.516858 0.197582 0.197310
0.109188 0.520966 0.100934 0.138174
0.664758 0.289208 0.115437 0.394190
0.670691 0.303696 0.053617 0.253424
-----------------------------------
0.096695 0.517125 0.191611 0.215226
0.094856 0.520300 0.099213 0.140583
0.679703 0.306088 0.043236 0.165203
0.107397 0.388500 0.141586 0.352305
-----------------------------------
0.083773 0.515600 0.154742 0.240156
0.083186 0.522842 0.080226 0.165166
0.138468 0.272241 0.045630 0.125930
0.683640 0.284651 0.038853 0.176581
0.160986 0.268885 0.031501 0.125847
-----------------------------------
0.139453 0.277888 0.041642 0.132241
0.687928 0.277379 0.040679 0.190336
0.166134 0.278345 0.035894 0.126182
0.048860 0.419247 0.057234 0.138634
-----------------------------------
0.061033 0.538519 0.077381 0.076488
0.135064 0.273291 0.040709 0.144907
0.698210 0.301633 0.037753 0.156193
0.166267 0.272986 0.038970 0.137530
-----------------------------------
0.135522 0.269760 0.037347 0.139754
0.169788 0.274550 0.040040 0.130682
0.029791 0.425278 0.033899 0.136817
0.702652 0.283133 0.042112 0.172168
-----------------------------------
0.169307 0.270861 0.044854 0.142145
0.144480 0.262911 0.036104 0.147146
0.709979 0.299932 0.040313 0.166045
-----------------------------------
0.170241 0.273068 0.045311 0.143097
0.144495 0.262294 0.029435 0.138534
0.718412 0.299688 0.044577 0.174658
-----------------------------------
0.170237 0.264426 0.050289 0.141044
0.722017 0.300656 0.048764 0.171446
0.198965 0.267610 0.034821 0.135149
-----------------------------------
0.090485 0.166816 0.101433 0.170654
0.087557 0.168027 0.203374 0.204006
0.172623 0.259090 0.049682 0.146074
0.736260 0.303316 0.046919 0.165300
-----------------------------------
0.095092 0.168658 0.103067 0.166913
0.091386 0.171408 0.221811 0.210470
0.175580 0.255809 0.052896 0.131371
0.742366 0.280237 0.116833 0.404337
0.202076 0.262817 0.034093 0.129018
0.743351 0.305107 0.056242 0.258779
-----------------------------------
0.097013 0.167681 0.103596 0.166054
0.092323 0.170581 0.217158 0.197849
0.176679 0.252617 0.056892 0.146931
0.741073 0.286119 0.116856 0.377475
0.745331 0.304440 0.055626 0.247157
-----------------------------------
0.099000 0.166814 0.107789 0.168784
0.092589 0.170022 0.217985 0.210428
0.754024 0.306843 0.050746 0.173891
0.176953 0.252844 0.053369 0.142166
-----------------------------------
0.093216 0.169386 0.218897 0.210343
0.099483 0.165788 0.104889 0.175655
0.758155 0.310204 0.050351 0.183746
0.190833 0.257476 0.115652 0.308080
0.181480 0.254975 0.056504 0.130060
0.204781 0.256955 0.041623 0.139121
-----------------------------------
0.093945 0.161245 0.099190 0.168876
0.090120 0.167543 0.199402 0.208277
0.766047 0.305441 0.050467 0.173416
0.209199 0.253893 0.047361 0.137036
-----------------------------------
0.101189 0.165942 0.106669 0.173225
0.096021 0.170305 0.220456 0.218901
0.772850 0.305138 0.037998 0.151824
0.213813 0.256457 0.049550 0.130405
-----------------------------------
0.100700 0.169002 0.107504 0.159029
0.095130 0.173856 0.214639 0.207078
0.780059 0.304151 0.043554 0.156633
0.213555 0.257228 0.053712 0.137118
-----------------------------------
0.100956 0.170798 0.222045 0.209644
0.104429 0.168915 0.108683 0.160765
0.218561 0.259825 0.056235 0.130484
0.787271 0.301037 0.032974 0.165025
0.236668 0.271953 0.040179 0.124262
-----------------------------------
0.098796 0.172311 0.213481 0.204708
0.102177 0.168568 0.104548 0.156926
0.238615 0.271390 0.047689 0.130127
0.797877 0.299118 0.034616 0.174155
-----------------------------------
0.098480 0.170172 0.214191 0.205456
0.104107 0.168314 0.105504 0.154555
0.240394 0.270696 0.049346 0.147055
0.802213 0.298220 0.034842 0.191110
-----------------------------------
0.101652 0.170992 0.209116 0.202830
0.106096 0.169669 0.102206 0.154935
0.246868 0.264431 0.052364 0.145824
0.812121 0.303038 0.042760 0.162939
-----------------------------------
0.103699 0.172128 0.212128 0.207419
0.106417 0.170969 0.103295 0.156169
0.250237 0.263301 0.051499 0.153876
0.818698 0.305224 0.055088 0.156774
0.816180 0.294142 0.124551 0.335108
0.244802 0.260088 0.116785 0.321614
0.756855 0.112738 0.032897 0.113111
-----------------------------------
0.106576 0.173354 0.215199 0.209119
0.107118 0.170699 0.102242 0.152657
0.250069 0.254545 0.047936 0.151811
0.827246 0.294474 0.133331 0.339177
0.827371 0.304416 0.058961 0.239538
-----------------------------------
0.108551 0.174913 0.220907 0.208555
0.108487 0.173106 0.101561 0.154443
0.832017 0.291798 0.127148 0.341417
0.250376 0.254517 0.045136 0.134732
0.832770 0.301246 0.055993 0.252728
-----------------------------------
0.107119 0.173162 0.218176 0.204480
0.108069 0.171621 0.102058 0.152813
0.250245 0.251739 0.046502 0.134402
0.837182 0.306723 0.053601 0.228257
0.274924 0.265035 0.034455 0.122230
0.836158 0.300222 0.117748 0.323607
-----------------------------------
0.109212 0.173159 0.219450 0.204791
0.109165 0.172109 0.102866 0.155595
0.252126 0.249939 0.046450 0.135322
0.850247 0.304437 0.042117 0.171497
-----------------------------------
0.108788 0.172212 0.217916 0.203031
0.108723 0.171930 0.102183 0.154396
0.854453 0.304029 0.040146 0.159625
0.256165 0.257803 0.051167 0.118253
-----------------------------------
0.106527 0.167493 0.213348 0.206560
0.109006 0.168939 0.104311 0.157139
0.857322 0.303129 0.045489 0.151629
0.256044 0.251932 0.049989 0.126403
0.283805 0.254052 0.043533 0.123589
-----------------------------------
0.109579 0.167211 0.214515 0.208128
0.109264 0.168694 0.102485 0.157664
0.860305 0.301525 0.041109 0.164191
0.800015 0.119305 0.030140 0.112895
0.259558 0.256516 0.047066 0.116626
-----------------------------------
0.108455 0.167412 0.214863 0.206800
0.109980 0.168157 0.105282 0.157088
0.803947 0.117544 0.027080 0.113882
0.872440 0.301412 0.033342 0.176271
0.281204 0.254581 0.055174 0.195432
-----------------------------------
0.110212 0.167648 0.213106 0.208049
0.110356 0.168198 0.103792 0.155076
0.877110 0.300404 0.032807 0.165499
0.804485 0.117531 0.033441 0.117046
0.290126 0.254571 0.060700 0.126270
0.288781 0.261264 0.124586 0.284395
-----------------------------------
0.111159 0.168487 0.217892 0.212565
0.110305 0.168910 0.103870 0.155881
0.812011 0.116311 0.030485 0.107943
0.295610 0.254784 0.060529 0.134851
-----------------------------------
0.111566 0.170033 0.217324 0.207367
0.109664 0.169998 0.102178 0.155745
0.299401 0.255576 0.053465 0.129654
0.815717 0.119099 0.037865 0.109915
0.316347 0.265245 0.042548 0.123474
-----------------------------------
0.109932 0.169953 0.219435 0.210272
0.109477 0.170877 0.102215 0.154987
0.821635 0.122529 0.048167 0.123440
0.321033 0.260381 0.047701 0.136263
0.300169 0.255106 0.051360 0.137515
0.897260 0.300426 0.049956 0.159667
-----------------------------------
0.108886 0.172550 0.217092 0.210641
0.108524 0.171697 0.101922 0.157894
0.823296 0.118807 0.045808 0.116980
0.324006 0.258538 0.045261 0.132051
0.902539 0.302020 0.057631 0.160598
0.299603 0.253235 0.040809 0.125008
-----------------------------------
0.110508 0.171811 0.219473 0.214590
0.109386 0.170794 0.102605 0.158453
0.830916 0.121999 0.038441 0.116075
0.322868 0.255184 0.046190 0.124295
0.913596 0.295473 0.134037 0.319741
0.915712 0.301684 0.052329 0.230459
-----------------------------------
0.113104 0.173001 0.221013 0.216224
0.109039 0.171148 0.103137 0.160297
0.838442 0.123960 0.040078 0.118831
0.324876 0.251501 0.043370 0.139405
0.927621 0.297498 0.124307 0.302333
-----------------------------------
0.114035 0.169551 0.220970 0.222227
0.108984 0.169135 0.103398 0.159282
0.329121 0.249224 0.039436 0.130378
0.842694 0.123987 0.035604 0.126930
0.350340 0.261211 0.028274 0.112022
0.927210 0.300651 0.117761 0.314414
-----------------------------------
0.114272 0.170371 0.221369 0.222817
0.109202 0.169864 0.103504 0.161153
0.326665 0.249598 0.040339 0.131968
0.350711 0.259355 0.033941 0.121166
0.933212 0.302265 0.052494 0.153349
0.928312 0.303099 0.119385 0.311101
0.850216 0.119492 0.028268 0.105637
-----------------------------------
0.115557 0.171528 0.220352 0.219691
0.109320 0.170809 0.104122 0.160464
0.853213 0.118687 0.030144 0.114701
0.327393 0.254010 0.040068 0.113095
0.938222 0.299536 0.051583 0.153306
0.352916 0.264040 0.037757 0.114523
-----------------------------------
0.114793 0.173578 0.219057 0.215714
0.109007 0.171403 0.102557 0.159160
0.944899 0.284138 0.043230 0.143162
0.854450 0.119281 0.030599 0.115523
0.328983 0.253639 0.045397 0.120041
0.355194 0.259472 0.042323 0.116286
-----------------------------------
0.114731 0.172166 0.222041 0.219985
0.109931 0.170123 0.105802 0.159532
0.330639 0.251720 0.043306 0.115060
0.862210 0.120054 0.029741 0.117868
0.366422 0.258508 0.046712 0.117095
0.952314 0.279781 0.038587 0.135419
-----------------------------------
0.115909 0.172783 0.221666 0.219008
0.109802 0.170738 0.104974 0.159371
0.366563 0.257522 0.052165 0.123859
0.867582 0.115396 0.026559 0.107612
0.333613 0.251536 0.043726 0.117364
0.958602 0.280341 0.041617 0.142929
-----------------------------------
0.114952 0.172850 0.224715 0.217326
0.109811 0.170182 0.104970 0.158390
0.965818 0.277754 0.031233 0.126022
0.363974 0.256360 0.061095 0.129127
0.877886 0.116926 0.024945 0.114600
-----------------------------------
0.113620 0.173346 0.219187 0.212838
0.109242 0.171415 0.103470 0.159006
0.390064 0.261697 0.041940 0.126020
0.967761 0.283793 0.030682 0.135679
0.366423 0.253216 0.058056 0.128745
-----------------------------------
0.113043 0.173120 0.224217 0.215135
0.109967 0.170487 0.104941 0.158998
0.391232 0.260791 0.045918 0.146031
0.370772 0.253821 0.059029 0.137229
0.968623 0.276732 0.031944 0.136984
0.889969 0.117173 0.039619 0.105635
-----------------------------------
0.112264 0.172090 0.224108 0.210458
0.108767 0.171146 0.102838 0.159919
0.893109 0.114510 0.039904 0.118865
0.392470 0.257025 0.038890 0.132356
0.372458 0.253390 0.052500 0.127140
0.969939 0.274911 0.031023 0.143014
-----------------------------------
0.111981 0.171900 0.223443 0.211768
0.109514 0.170448 0.103709 0.158669
0.392233 0.254998 0.046202 0.136307
0.898916 0.118345 0.045261 0.125082
-----------------------------------
0.112156 0.171498 0.218480 0.213785
0.109153 0.171361 0.102527 0.158908
0.900985 0.119718 0.046139 0.126587
0.394605 0.252838 0.044760 0.130752
-----------------------------------
0.109843 0.171863 0.221966 0.210436
0.108820 0.171596 0.102605 0.158927
0.395559 0.250285 0.043920 0.133766
0.905901 0.124269 0.045426 0.130149
-----------------------------------
0.109585 0.171722 0.221349 0.213279
0.108530 0.171585 0.102705 0.158532
0.399878 0.250237 0.044252 0.135241
0.912715 0.120765 0.039425 0.123551
-----------------------------------
0.108477 0.170582 0.222529 0.209886
0.108628 0.170958 0.102796 0.159484
0.405981 0.249940 0.050826 0.127937
0.916647 0.119442 0.032660 0.124944
-----------------------------------
0.110465 0.172020 0.224462 0.218056
0.108493 0.171001 0.103700 0.158678
0.406566 0.254453 0.049002 0.124637
0.919695 0.121887 0.030529 0.110917
-----------------------------------
0.111405 0.171438 0.222534 0.215550
0.108812 0.169996 0.103004 0.158424
0.928463 0.116248 0.037486 0.121377
0.406699 0.253918 0.055416 0.131326
-----------------------------------
0.112161 0.172250 0.228359 0.211823
0.109367 0.170957 0.101624 0.161683
0.930738 0.117297 0.038395 0.122233
0.435556 0.255249 0.047690 0.118567
0.017617 0.577272 0.022984 0.192953
-----------------------------------
0.111674 0.171877 0.226879 0.210507
0.108584 0.169583 0.101230 0.160976
0.934642 0.118280 0.039892 0.118183
0.441629 0.256404 0.050847 0.116680
0.020485 0.616355 0.030089 0.150584
-----------------------------------
0.114003 0.173059 0.228300 0.210376
0.109526 0.169832 0.101386 0.162218
0.941068 0.113483 0.040181 0.117065
0.025504 0.590135 0.032972 0.158824
0.431141 0.253515 0.052622 0.186108
0.433901 0.253505 0.123432 0.294066
-----------------------------------
0.113187 0.171523 0.227054 0.208581
0.109236 0.167628 0.100610 0.159246
0.946929 0.115857 0.047439 0.121866
0.028385 0.611401 0.040006 0.135410
-----------------------------------
0.113960 0.174101 0.229112 0.204141
0.109497 0.169776 0.100232 0.159545
0.947806 0.108946 0.050306 0.123586
0.467172 0.259263 0.034550 0.135463
0.030804 0.611355 0.034288 0.156486
-----------------------------------
0.114252 0.173589 0.228779 0.207312
0.109520 0.169460 0.100963 0.160423
0.954400 0.110417 0.055291 0.130370
0.436400 0.236131 0.042794 0.125851
0.031082 0.611316 0.035776 0.168371
-----------------------------------
0.114642 0.175434 0.226016 0.207924
0.109891 0.171041 0.100192 0.160297
0.956771 0.113536 0.058682 0.130452
0.440062 0.236114 0.043040 0.125504
0.470373 0.259725 0.036122 0.119377
-----------------------------------
0.113541 0.174053 0.228426 0.206897
0.109669 0.170079 0.101651 0.160711
0.965684 0.111670 0.037483 0.102096
0.042861 0.608959 0.046197 0.180868
0.441706 0.234967 0.038413 0.122529
0.467304 0.256175 0.038096 0.115068
-----------------------------------
0.114724 0.174916 0.227918 0.204975
0.109910 0.171079 0.099860 0.158431
0.967226 0.120296 0.035555 0.099849
0.050358 0.608030 0.049243 0.189758
0.447001 0.235264 0.042590 0.113915
0.470146 0.254125 0.039022 0.118301
-----------------------------------
0.113645 0.173939 0.231506 0.203522
0.109519 0.170378 0.101427 0.159705
0.969596 0.117628 0.033788 0.100425
0.472946 0.254631 0.046947 0.127768
0.055865 0.607989 0.058561 0.187984
-----------------------------------
0.084235 0.421093 0.087008 0.051289
0.113248 0.176225 0.227809 0.205681
0.109685 0.171768 0.100223 0.159100
0.973216 0.116025 0.028485 0.103956
0.061701 0.608505 0.059397 0.198099
0.477342 0.252247 0.049233 0.131994
0.068213 0.607231 0.113021 0.364627
-----------------------------------
0.094423 0.418273 0.094951 0.049682
0.113519 0.174283 0.230313 0.209753
0.109483 0.169623 0.101670 0.160385
0.973063 0.114746 0.031337 0.111757
0.079995 0.616831 0.108268 0.398926
0.072650 0.610401 0.046757 0.273244
0.480979 0.253788 0.046748 0.133615
0.456450 0.231330 0.025309 0.112556
-----------------------------------
0.113182 0.174301 0.226631 0.208835
0.109232 0.170309 0.100564 0.158067
0.082649 0.617629 0.116784 0.425268
0.083960 0.612409 0.053630 0.279576
0.972046 0.115881 0.030192 0.105956
0.505014 0.258682 0.034434 0.126265
0.479730 0.253445 0.046863 0.126771
-----------------------------------
0.111170 0.173311 0.228602 0.211023
0.109140 0.170598 0.101824 0.161676
0.086898 0.619292 0.124446 0.404748
0.086705 0.612282 0.052961 0.281575
-----------------------------------
0.112153 0.171952 0.227235 0.213629
0.109231 0.170077 0.101218 0.160778
0.094615 0.612590 0.122154 0.392119
0.093959 0.609506 0.053126 0.273474
0.513127 0.260031 0.052381 0.126033
-----------------------------------
0.112355 0.170188 0.227935 0.215122
0.108401 0.168252 0.101527 0.160349
0.104022 0.612935 0.123469 0.381459
0.101202 0.610742 0.052674 0.274720
0.504194 0.253209 0.123731 0.311368
-----------------------------------
0.111951 0.171789 0.229672 0.212063
0.108684 0.169054 0.101652 0.160745
0.112410 0.614460 0.115337 0.367646
0.104838 0.609495 0.056318 0.202892
0.518745 0.256901 0.059200 0.134003
-----------------------------------
0.111986 0.170544 0.227216 0.213305
0.108615 0.168390 0.101885 0.159867
0.523025 0.256140 0.052266 0.139131
0.482467 0.232634 0.042785 0.125700
0.111168 0.615323 0.048918 0.188861
-----------------------------------
0.111026 0.169855 0.231166 0.210213
0.108985 0.168244 0.103212 0.159739
0.119337 0.609813 0.049964 0.184437
0.491077 0.232892 0.039030 0.118519
-----------------------------------
0.111604 0.170270 0.230116 0.209768
0.108578 0.168683 0.102515 0.159619
0.123007 0.591745 0.044804 0.185282
0.514554 0.235788 0.048962 0.128813
-----------------------------------
0.111236 0.172515 0.229431 0.207207
0.108877 0.171026 0.102467 0.161418
0.131883 0.592341 0.044651 0.169846
-----------------------------------
0.111702 0.172538 0.231330 0.211538
0.108855 0.170703 0.103622 0.162735
0.138681 0.590389 0.046359 0.191418
0.523002 0.237125 0.048940 0.129075
-----------------------------------
0.111728 0.173555 0.229150 0.207477
0.109184 0.171433 0.101593 0.159151
0.524036 0.234582 0.046167 0.119722
0.143959 0.590809 0.043116 0.183400
-----------------------------------
0.111537 0.173210 0.228890 0.207716
0.109295 0.171051 0.101764 0.160976
0.527136 0.236600 0.047419 0.129160
-----------------------------------
0.111089 0.174570 0.227582 0.202623
0.109482 0.172683 0.100600 0.157120
0.159839 0.611582 0.056404 0.172700
0.532320 0.236577 0.041004 0.124739
-----------------------------------
0.111248 0.174646 0.227464 0.206006
0.109579 0.172417 0.101442 0.160574
0.172776 0.609562 0.048456 0.291276
0.168972 0.614145 0.113432 0.384032
0.534333 0.233327 0.035821 0.131120
0.553581 0.252908 0.054622 0.125377
-----------------------------------
0.112052 0.173885 0.229696 0.203963
0.109685 0.172430 0.101464 0.159919
0.178228 0.609670 0.123797 0.357305
0.180166 0.608712 0.050086 0.311817
0.583918 0.257099 0.041400 0.121545
0.535383 0.233067 0.030147 0.127763
-----------------------------------
0.112169 0.174113 0.232176 0.206523
0.109313 0.171974 0.103286 0.159140
0.184663 0.608370 0.124386 0.357783
0.183691 0.607986 0.052467 0.311211
0.573763 0.235200 0.130988 0.320852
-----------------------------------
0.113024 0.174945 0.232497 0.204146
0.109804 0.173125 0.102485 0.158846
0.190044 0.611740 0.118044 0.351151
0.550389 0.234316 0.044132 0.142008
0.186887 0.610930 0.048766 0.317861
-----------------------------------
0.112134 0.175339 0.234626 0.206796
0.109511 0.172455 0.103256 0.159411
0.192529 0.614273 0.114542 0.365071
0.198090 0.610886 0.052632 0.269401
0.554608 0.233699 0.043644 0.138009
-----------------------------------
0.112745 0.173827 0.231409 0.205607
0.109591 0.172757 0.102401 0.159659
0.206099 0.613163 0.109946 0.369845
0.208150 0.610136 0.052344 0.270754
0.557456 0.234645 0.043120 0.131356
-----------------------------------
0.112572 0.173278 0.232251 0.205267
0.109585 0.171735 0.103438 0.158050
0.216909 0.609567 0.047179 0.305919
0.215411 0.612041 0.102971 0.368756
0.562791 0.232305 0.047547 0.133131
-----------------------------------
0.113408 0.173908 0.228710 0.205746
0.109776 0.172856 0.101098 0.158010
0.567129 0.233431 0.050134 0.129261
0.217055 0.610637 0.052207 0.200464
-----------------------------------
0.113093 0.173128 0.228144 0.204897
0.109595 0.172659 0.102005 0.158372
0.220487 0.591201 0.041891 0.166373
0.573497 0.229709 0.036701 0.127697
0.621340 0.256774 0.021809 0.122398
-----------------------------------
0.114097 0.174948 0.230599 0.213604
0.110036 0.172901 0.103921 0.155323
0.592583 0.232262 0.050052 0.131780
-----------------------------------
0.113488 0.175318 0.230025 0.210315
0.110048 0.173531 0.102847 0.156661
0.592830 0.235299 0.050196 0.127802
0.234377 0.590165 0.046830 0.160820
-----------------------------------
0.114573 0.175968 0.229853 0.210595
0.110274 0.172199 0.103597 0.156484
0.590271 0.231096 0.044202 0.125627
0.633364 0.256017 0.032267 0.122889
0.239847 0.592841 0.046039 0.162640
-----------------------------------
0.114895 0.174474 0.230346 0.210213
0.110295 0.172929 0.103158 0.155876
0.595139 0.230582 0.040775 0.120253
0.247860 0.593221 0.046083 0.178824
0.636369 0.253696 0.041140 0.129843
-----------------------------------
0.116368 0.175895 0.227637 0.213143
0.110672 0.171517 0.102956 0.155614
0.595241 0.227274 0.038908 0.118826
0.255366 0.608132 0.057461 0.197092
0.635202 0.256087 0.054629 0.123976
0.261314 0.611248 0.114904 0.368314
-----------------------------------
0.115535 0.175532 0.230480 0.212618
0.110305 0.172633 0.104259 0.155721
0.266857 0.610655 0.116539 0.352191
0.603065 0.221015 0.034716 0.119359
0.259763 0.593579 0.045514 0.174541
-----------------------------------
0.115065 0.176108 0.227937 0.211950
0.110320 0.172007 0.104327 0.155965
0.273645 0.611299 0.117939 0.362593
0.277335 0.609393 0.057643 0.268650
0.608855 0.220005 0.035169 0.126097
0.633414 0.227622 0.058152 0.209497
-----------------------------------
0.115756 0.176275 0.230513 0.211964
0.110251 0.173273 0.103991 0.156797
0.273819 0.610937 0.116039 0.368902
0.278971 0.607963 0.054829 0.290057
0.609500 0.221406 0.031037 0.129392
0.662238 0.255120 0.044088 0.129333
0.629173 0.232567 0.046835 0.131181
-----------------------------------
0.116032 0.177192 0.227813 0.213479
0.110521 0.171954 0.103574 0.155916
0.282155 0.607017 0.114562 0.383888
0.285181 0.607477 0.058330 0.280725
0.665321 0.256466 0.041225 0.121732
0.626100 0.233050 0.047174 0.127857
0.612079 0.224864 0.032621 0.126515
-----------------------------------
0.115348 0.175755 0.229202 0.214633
0.110108 0.172692 0.103729 0.156518
0.292995 0.608139 0.109708 0.377744
0.293252 0.607281 0.054965 0.291752
0.625150 0.228591 0.044827 0.118426
0.673754 0.235633 0.034809 0.112374
-----------------------------------
0.114463 0.175036 0.223369 0.214491
0.110291 0.170801 0.102642 0.155043
0.630337 0.226488 0.050722 0.133788
0.298527 0.606130 0.103923 0.364596
0.296425 0.607293 0.048073 0.310464
0.676687 0.234920 0.034732 0.127862
-----------------------------------
0.115653 0.175902 0.227368 0.215388
0.110507 0.172858 0.102937 0.155059
0.635296 0.223312 0.056462 0.136338
0.646986 0.224240 0.129298 0.297654
-----------------------------------
0.114830 0.174928 0.223993 0.217356
0.110653 0.170383 0.103059 0.155577
0.639060 0.224605 0.055235 0.137979
0.311130 0.593058 0.044096 0.173761
0.653620 0.220431 0.128010 0.296744
-----------------------------------
0.114512 0.175562 0.225295 0.214502
0.110223 0.171302 0.102962 0.156123
0.313409 0.591794 0.045483 0.181285
0.644113 0.228659 0.051559 0.131644
0.659351 0.222093 0.131298 0.282528
-----------------------------------
0.114875 0.175465 0.226241 0.216177
0.110292 0.171026 0.103105 0.155901
0.321139 0.589846 0.048252 0.191318
0.673506 0.222473 0.054776 0.134999
0.701390 0.229572 0.035958 0.125577
-----------------------------------
0.114370 0.176043 0.224647 0.213569
0.110198 0.171214 0.102900 0.155877
0.328660 0.584589 0.054230 0.184796
0.672599 0.220310 0.053873 0.141510
-----------------------------------
0.113968 0.176796 0.225076 0.215946
0.110276 0.171386 0.103192 0.155649
0.335767 0.589722 0.046083 0.184870
0.673395 0.221038 0.049346 0.143581
-----------------------------------
0.114988 0.177023 0.226150 0.212319
0.110395 0.171470 0.102360 0.154565
0.338281 0.586386 0.046332 0.191528
0.674892 0.221641 0.045569 0.142092
0.707261 0.230048 0.046461 0.154208
-----------------------------------
0.115372 0.176416 0.225268 0.217673
0.110298 0.171956 0.103175 0.155551
0.673165 0.221847 0.042982 0.133958
0.348867 0.598123 0.111797 0.365055
0.712012 0.232551 0.044113 0.145060
-----------------------------------
0.114531 0.176264 0.225467 0.213382
0.110416 0.171485 0.102445 0.155127
0.354867 0.604681 0.116362 0.363013
0.677523 0.221292 0.038492 0.134762
0.360034 0.608000 0.056079 0.277717
0.714392 0.232927 0.043907 0.139639
-----------------------------------
0.115129 0.176276 0.224009 0.218857
0.110174 0.171772 0.102899 0.156966
0.365684 0.603310 0.113884 0.354279
0.367979 0.606549 0.055536 0.293893
0.683397 0.224257 0.043904 0.128450
-----------------------------------
0.115870 0.177652 0.227387 0.215018
0.110375 0.171932 0.102954 0.155626
0.373354 0.602317 0.112163 0.367641
0.373642 0.606661 0.056083 0.299125
0.685302 0.215966 0.037227 0.126831
0.707102 0.217604 0.047147 0.138167
-----------------------------------
0.115476 0.177051 0.224687 0.217875
0.110306 0.171435 0.102847 0.156704
0.378033 0.602709 0.107576 0.362887
0.689048 0.214265 0.037307 0.136138
0.376622 0.606114 0.056416 0.295171
0.739279 0.233459 0.033565 0.124480
-----------------------------------
0.115104 0.177522 0.227072 0.214078
0.110261 0.171977 0.102587 0.155283
0.701025 0.212687 0.050226 0.138307
0.388524 0.607195 0.119837 0.363246
0.745671 0.229404 0.029689 0.120227
-----------------------------------
0.115375 0.177514 0.225157 0.217889
0.110168 0.171861 0.103065 0.157049
0.706752 0.212899 0.056163 0.144558
0.389505 0.592023 0.047818 0.166412
0.715208 0.215852 0.113525 0.313427
-----------------------------------
0.115004 0.177303 0.226885 0.214356
0.110321 0.172123 0.102554 0.154805
0.393394 0.590484 0.049873 0.173826
0.709319 0.219271 0.057777 0.140309
0.719645 0.224288 0.115080 0.314511
0.752175 0.229926 0.033741 0.126565
-----------------------------------
0.115392 0.177951 0.225676 0.218624
0.110291 0.172147 0.103153 0.156461
0.400769 0.589944 0.050151 0.184328
0.709533 0.216425 0.055201 0.140045
0.757020 0.228567 0.038461 0.128973
-----------------------------------
0.114457 0.177605 0.227150 0.214317
0.110308 0.172552 0.102771 0.154971
0.408535 0.589029 0.045414 0.181408
0.712395 0.218705 0.049262 0.131435
0.757616 0.227042 0.041433 0.129848
-----------------------------------
0.114605 0.178340 0.224583 0.219818
0.110166 0.173090 0.103468 0.156153
0.412454 0.583807 0.045780 0.175932
0.718878 0.215454 0.046406 0.128839
-----------------------------------
0.114427 0.177325 0.226698 0.215920
0.110340 0.172190 0.103530 0.155717
0.418150 0.584407 0.042614 0.195000
0.778498 0.233787 0.041348 0.125115
-----------------------------------
0.113803 0.176639 0.225776 0.219455
0.110123 0.172462 0.104344 0.157159
0.783125 0.253448 0.049258 0.122693
0.427514 0.585808 0.048647 0.167313
-----------------------------------
0.114334 0.177832 0.226661 0.215775
0.110239 0.172525 0.103453 0.156032
0.434014 0.582483 0.051672 0.180360
0.788016 0.254712 0.051259 0.130464
0.739950 0.216710 0.037047 0.138153
-----------------------------------
0.114261 0.177396 0.224788 0.220910
0.110213 0.172415 0.103666 0.157061
0.439372 0.584910 0.050611 0.184281
0.740188 0.211726 0.038597 0.127786
0.794259 0.235785 0.045163 0.116479
-----------------------------------
0.114233 0.177094 0.226637 0.216174
0.110221 0.172043 0.103749 0.156316
0.742435 0.210419 0.035785 0.121019
0.445155 0.583768 0.052820 0.180985
0.797331 0.233938 0.041089 0.122761
-----------------------------------
0.114402 0.176911 0.226304 0.220900
0.110018 0.172651 0.103493 0.157717
0.750211 0.212411 0.042055 0.116751
0.450363 0.588086 0.051549 0.183813
0.794739 0.230594 0.041708 0.123139
-----------------------------------
0.114213 0.177219 0.227233 0.216586
0.110101 0.172006 0.103606 0.156753
0.755258 0.210000 0.045268 0.123339
0.452251 0.584544 0.048505 0.180311
0.811599 0.229192 0.034938 0.125593
0.466589 0.593513 0.119943 0.382172
-----------------------------------
0.113926 0.177386 0.225492 0.219406
0.110104 0.172525 0.103772 0.157484
0.761086 0.214647 0.045247 0.120353
0.467713 0.593596 0.119602 0.375910
0.813204 0.231531 0.029155 0.123597
0.467756 0.585888 0.052703 0.256423
-----------------------------------
0.114319 0.177721 0.226854 0.216718
0.110146 0.172309 0.103714 0.156471
0.470652 0.597190 0.123311 0.379160
0.472748 0.587743 0.052948 0.266828
0.784875 0.213223 0.050827 0.142423
0.761654 0.209383 0.042421 0.121493
0.815929 0.228230 0.032089 0.125693
-----------------------------------
0.114272 0.176931 0.225307 0.218517
0.110003 0.172240 0.104873 0.157557
0.478557 0.590938 0.126162 0.381666
0.480159 0.583072 0.054334 0.261560
0.784518 0.210079 0.050942 0.130834
0.817842 0.221115 0.029394 0.127568
0.764046 0.209802 0.038892 0.118302
-----------------------------------
0.114547 0.177919 0.226894 0.214923
0.110290 0.172403 0.103489 0.155818
0.782307 0.209429 0.049459 0.133558
0.484977 0.578437 0.054681 0.173649
0.485872 0.591536 0.114180 0.367802
0.826574 0.223850 0.031212 0.131646
0.764486 0.209252 0.036807 0.108482
-----------------------------------
0.114249 0.178256 0.226130 0.217170
0.110074 0.172414 0.103867 0.157638
0.782289 0.210243 0.044167 0.125970
0.834436 0.226071 0.031202 0.126560
0.490830 0.577290 0.047058 0.183057
0.498541 0.582406 0.111937 0.369192
-----------------------------------
0.114263 0.177939 0.226055 0.215195
0.110142 0.172683 0.103422 0.156631
0.786625 0.213802 0.050517 0.130234
0.836421 0.229392 0.031003 0.125178
0.495270 0.571335 0.041404 0.167490
-----------------------------------
0.113973 0.177404 0.224874 0.218096
0.109974 0.171889 0.104160 0.157689
0.790192 0.209752 0.048622 0.130514
0.503872 0.569143 0.045269 0.161646
0.832719 0.225951 0.041232 0.128971
0.850734 0.228490 0.031498 0.114021
-----------------------------------
0.114603 0.178023 0.226667 0.215111
0.110128 0.172650 0.103183 0.156336
0.510275 0.573106 0.053608 0.186190
0.796344 0.215645 0.048056 0.133764
0.823630 0.221750 0.044520 0.140878
0.856913 0.230715 0.038283 0.116595
-----------------------------------
0.114095 0.177774 0.225899 0.215634
0.110212 0.172567 0.103651 0.156235
0.517706 0.568202 0.055351 0.175058
0.822407 0.220015 0.048270 0.144322
0.800526 0.212070 0.042769 0.131649
-----------------------------------
0.114930 0.176855 0.226677 0.217364
0.110103 0.173005 0.103431 0.156259
0.525930 0.574913 0.053415 0.178855
0.818253 0.216265 0.042533 0.138266
-----------------------------------
0.114820 0.176632 0.225970 0.217002
0.110158 0.172550 0.103955 0.156220
0.816404 0.207539 0.044168 0.140883
0.528849 0.569042 0.052342 0.192025
-----------------------------------
0.113977 0.175823 0.227253 0.215190
0.109861 0.173749 0.103828 0.155504
0.815829 0.205008 0.037235 0.135510
0.534003 0.571834 0.051157 0.170983
0.542286 0.583793 0.111703 0.368890
0.877936 0.222631 0.027789 0.110987
-----------------------------------
0.114994 0.177676 0.226430 0.215456
0.110197 0.173572 0.102812 0.156178
0.821815 0.205283 0.040222 0.128483
0.545093 0.578869 0.048370 0.246414
0.545019 0.584350 0.113510 0.370839
0.887756 0.226140 0.031018 0.118873
-----------------------------------
0.113200 0.176503 0.227403 0.213374
0.109863 0.174800 0.102340 0.156694
0.549582 0.577880 0.048372 0.248231
0.547303 0.582204 0.116072 0.373187
0.831212 0.203274 0.045355 0.127508
0.890226 0.225306 0.029794 0.126048
-----------------------------------
0.114862 0.175961 0.226422 0.215121
0.110163 0.173788 0.103245 0.156929
0.558501 0.578359 0.127377 0.385034
0.563791 0.575482 0.054480 0.259261
0.830545 0.209090 0.038795 0.129808
0.891722 0.229549 0.030093 0.128805
-----------------------------------
0.112971 0.176087 0.227337 0.213339
0.109701 0.174815 0.101818 0.157957
0.563736 0.584191 0.119653 0.357920
0.835016 0.204278 0.046014 0.122849
0.566414 0.580129 0.050770 0.254027
0.899120 0.222531 0.030504 0.125227
-----------------------------------
0.113066 0.175761 0.227077 0.213209
0.109866 0.174294 0.102236 0.155645
0.834781 0.202662 0.040243 0.126087
0.570839 0.581764 0.121693 0.344408
0.901061 0.221891 0.032870 0.122618
0.570398 0.579805 0.050024 0.251010
-----------------------------------
0.112799 0.176790 0.228184 0.210142
0.109701 0.174721 0.102306 0.158976
0.838527 0.202337 0.043865 0.112868
0.913571 0.222604 0.037372 0.121416
0.576223 0.577970 0.120763 0.350771
0.581815 0.573565 0.048997 0.238291
-----------------------------------
0.112607 0.177648 0.226451 0.209692
0.109626 0.175330 0.102123 0.159610
0.580689 0.574818 0.053673 0.169510
0.842620 0.204828 0.038072 0.123203
0.915937 0.225892 0.039361 0.125612
-----------------------------------
0.112765 0.174847 0.227410 0.214833
0.109352 0.172366 0.102427 0.160018
0.586503 0.575210 0.049845 0.188037
0.852833 0.204884 0.045342 0.124975
0.927490 0.225174 0.043010 0.133499
-----------------------------------
0.113343 0.177255 0.226273 0.211019
0.109532 0.174722 0.101029 0.159888
0.594571 0.569396 0.049870 0.180956
0.860966 0.204209 0.046985 0.126032
0.930492 0.227675 0.046367 0.120357
-----------------------------------
0.633192 0.390063 0.065208 0.027621
0.113231 0.174529 0.225273 0.215595
0.109299 0.172767 0.101919 0.160251
0.602232 0.568184 0.048552 0.165769
0.869995 0.204248 0.044694 0.130574
0.932286 0.229594 0.049260 0.130938
-----------------------------------
0.635677 0.389652 0.070809 0.026841
0.113067 0.174965 0.227259 0.215047
0.109298 0.173310 0.102511 0.160189
0.876348 0.205070 0.040205 0.127989
0.938812 0.230504 0.045163 0.134731
0.606108 0.571670 0.045627 0.161124
-----------------------------------
0.593860 0.518481 0.017268 0.063276
0.640701 0.388642 0.054176 0.030498
0.112351 0.173434 0.223860 0.218823
0.108828 0.171938 0.102912 0.159554
0.879713 0.203733 0.032080 0.130764
0.942787 0.227362 0.041537 0.125224
0.619156 0.575515 0.045012 0.174340
-----------------------------------
0.597531 0.518795 0.017722 0.062183
0.643231 0.387866 0.058019 0.031855
0.113245 0.174701 0.226958 0.217368
0.109223 0.173035 0.102873 0.160524
0.621261 0.566280 0.052721 0.172640
0.945259 0.223326 0.041454 0.122288
0.894063 0.205081 0.045732 0.137020
-----------------------------------
0.660014 0.388247 0.057749 0.029387
0.112468 0.173204 0.223820 0.220256
0.108889 0.172175 0.102992 0.159979
0.624920 0.570731 0.054048 0.170227
0.896439 0.203567 0.051557 0.144245
0.949280 0.221583 0.034878 0.119004
0.631571 0.575200 0.113764 0.383783
-----------------------------------
0.667531 0.391344 0.071743 0.028747
0.112519 0.173668 0.224354 0.216741
0.109111 0.172360 0.102828 0.158433
0.634078 0.568684 0.054271 0.171167
0.896711 0.202063 0.047847 0.141025
0.952475 0.219552 0.034912 0.121551
0.641114 0.574541 0.115268 0.354806
-----------------------------------
0.670360 0.390945 0.076366 0.029080
0.112484 0.173939 0.221537 0.225814
0.108988 0.172649 0.104627 0.158824
0.902679 0.201788 0.046085 0.126442
0.639763 0.568224 0.053968 0.164406
0.645577 0.576240 0.114933 0.352552
0.951979 0.211486 0.034081 0.119070
-----------------------------------
0.676462 0.390964 0.071473 0.028402
0.112527 0.173320 0.225583 0.219783
0.108986 0.171529 0.103158 0.159691
0.903505 0.201126 0.042549 0.121583
0.642225 0.566233 0.054905 0.164710
0.969742 0.224234 0.025539 0.098285
0.651226 0.571377 0.121962 0.341511
0.949955 0.215846 0.034582 0.111855
-----------------------------------
0.677698 0.390017 0.063706 0.030886
0.111560 0.173742 0.221090 0.222195
0.108925 0.171868 0.105151 0.157823
0.907186 0.201245 0.042570 0.122281
0.972051 0.218051 0.028637 0.105813
0.649227 0.568141 0.052962 0.151065
0.656559 0.575850 0.117886 0.333427
-----------------------------------
0.683097 0.386445 0.059474 0.028358
0.111857 0.172721 0.224532 0.221457
0.109077 0.171325 0.104115 0.159146
0.909739 0.199787 0.043725 0.120477
0.661994 0.565176 0.058015 0.156555
0.658407 0.578477 0.118560 0.337727
0.973094 0.221169 0.027634 0.108605
-----------------------------------
0.111795 0.174783 0.221139 0.219092
0.108794 0.172707 0.105571 0.156379
0.663592 0.564405 0.050710 0.161568
0.909957 0.198033 0.048796 0.121801
-----------------------------------
0.704298 0.378520 0.067887 0.024901
0.111768 0.173950 0.224163 0.219971
0.109177 0.172002 0.103667 0.159242
0.669118 0.559263 0.050862 0.156775
0.914461 0.198756 0.049143 0.126597
0.933098 0.200460 0.040894 0.121481
-----------------------------------
0.709908 0.371194 0.071448 0.025652
0.111938 0.174022 0.223797 0.220865
0.109047 0.172112 0.105310 0.158593
0.675384 0.560831 0.043408 0.163074
0.932090 0.199648 0.041790 0.127525
-----------------------------------
0.112706 0.175800 0.226478 0.213752
0.109210 0.172414 0.102169 0.159652
0.935194 0.201939 0.048723 0.130999
0.682363 0.559225 0.041659 0.151110
-----------------------------------
0.112992 0.174012 0.224375 0.219821
0.109322 0.171859 0.104064 0.158490
0.937225 0.201904 0.047809 0.128559
-----------------------------------
0.111852 0.174184 0.225389 0.218431
0.109067 0.172238 0.103692 0.159018
0.943397 0.204140 0.049219 0.120378
0.697645 0.557880 0.043262 0.157010
-----------------------------------
0.112968 0.174440 0.222720 0.221821
0.109294 0.172066 0.104389 0.158856
0.945820 0.201123 0.051878 0.117512
0.701207 0.556303 0.047232 0.158778
-----------------------------------
0.112092 0.174378 0.225855 0.217405
0.109268 0.172094 0.103228 0.158935
0.953803 0.204255 0.046238 0.118396
0.703750 0.541182 0.044519 0.172461
-----------------------------------
0.112836 0.174264 0.222686 0.222769
0.109319 0.172100 0.104371 0.158871
0.957603 0.204540 0.037377 0.119837
0.712801 0.555845 0.054738 0.149237
-----------------------------------
0.112765 0.173383 0.226197 0.219597
0.109178 0.171500 0.103865 0.160252
0.958879 0.200651 0.038469 0.127329
0.719770 0.555716 0.056219 0.159554
0.728293 0.558180 0.110700 0.363963
-----------------------------------
0.111640 0.174773 0.220353 0.220047
0.107929 0.172363 0.103549 0.158389
0.738670 0.558780 0.114719 0.360037
0.966312 0.199180 0.032025 0.111170
-----------------------------------
0.111951 0.174649 0.224340 0.221085
0.108485 0.172949 0.104814 0.159589
0.739012 0.559978 0.115092 0.351423
0.736025 0.557281 0.050963 0.248684
0.965520 0.198539 0.030513 0.111876
-----------------------------------
0.110274 0.175206 0.220351 0.216648
0.107969 0.173123 0.102570 0.158237
0.738962 0.558231 0.116242 0.367359
0.737692 0.555953 0.049829 0.244082
0.969985 0.186882 0.030110 0.116801
-----------------------------------
0.110850 0.174465 0.220595 0.220893
0.108046 0.172153 0.104335 0.159729
0.745505 0.558680 0.114184 0.361928
0.745101 0.555826 0.050897 0.238157
0.970023 0.184527 0.034819 0.115340
-----------------------------------
0.110307 0.175476 0.222663 0.215269
0.108368 0.172968 0.101909 0.160045
0.751963 0.555922 0.059704 0.163433
0.970816 0.186262 0.035862 0.115643
0.750626 0.562383 0.107013 0.376673
-----------------------------------
0.110344 0.174824 0.220429 0.217149
0.108046 0.172963 0.102294 0.158255
0.755103 0.560727 0.048842 0.152599
0.966783 0.198388 0.037625 0.116137
-----------------------------------
0.110017 0.175141 0.222617 0.215944
0.108314 0.173307 0.102038 0.160762
0.967767 0.199007 0.038219 0.111335
0.764739 0.560672 0.045676 0.154412
-----------------------------------
0.110522 0.175061 0.220998 0.218054
0.108230 0.173204 0.101731 0.159840
0.969285 0.200697 0.037382 0.108195
0.774760 0.558206 0.043689 0.158294
-----------------------------------
0.109853 0.175017 0.222774 0.215473
0.108236 0.173067 0.102057 0.160898
0.776134 0.539759 0.042682 0.172064
0.970811 0.206064 0.033485 0.103042
-----------------------------------
0.760183 0.517994 0.016976 0.050952
0.110909 0.174385 0.221932 0.218307
0.108251 0.172606 0.102973 0.161126
0.781364 0.539115 0.042968 0.155947
0.975913 0.216922 0.027777 0.112095
-----------------------------------
0.110103 0.174818 0.222607 0.217534
0.108118 0.172727 0.102376 0.160987
0.789533 0.541991 0.045276 0.169395
-----------------------------------
0.111055 0.174796 0.221086 0.217220
0.108575 0.172546 0.103246 0.158657
0.794628 0.538462 0.044793 0.183736
-----------------------------------
